hammer/hammer_0/0001_0094_0054_0274_0274.jpg 1 94 54 274 274
hammer/hammer_0/0002_0095_0179_0150_0150.jpg 1 95 179 150 150
hammer/hammer_0/0003_0108_0100_0212_0212.jpg 1 108 100 212 212
hammer/hammer_0/0004_0120_0034_0255_0255.jpg 1 120 34 255 255
hammer/hammer_0/0005_0122_0124_0200_0200.jpg 1 122 124 200 200
hammer/hammer_0/0006_0282_0034_0184_0184.jpg 1 282 34 184 184
hammer/hammer_0/0007_0061_0230_0307_0307.jpg 1 61 230 307 307
hammer/hammer_0/0008_0385_0215_0080_0080.jpg 1 385 215 80 80
hammer/hammer_0/0009_0209_0083_0299_0299.jpg 1 209 83 299 299
hammer/hammer_0/0010_0257_0111_0281_0281.jpg 1 257 111 281 281
hammer/hammer_0/0011_0140_0146_0231_0231.jpg 1 140 146 231 231
hammer/hammer_0/0012_0112_0139_0234_0234.jpg 1 112 139 234 234
hammer/hammer_0/0013_0333_0219_0025_0025.jpg 1 333 219 25 25
hammer/hammer_0/0014_0240_0065_0077_0077.jpg 1 240 65 77 77
hammer/hammer_0/0015_0346_0072_0149_0149.jpg 1 346 72 149 149
hammer/hammer_0/0016_0276_0236_0074_0074.jpg 1 276 236 74 74
hammer/hammer_0/0017_0175_0026_0332_0332.jpg 1 175 26 332 332
hammer/hammer_0/0018_0101_0104_0264_0264.jpg 1 101 104 264 264
hammer/hammer_0/0019_0186_0362_0068_0068.jpg 1 186 362 68 68
hammer/hammer_0/0020_0245_0040_0327_0327.jpg 1 245 40 327 327
hammer/hammer_0/0021_0071_0146_0294_0294.jpg 1 71 146 294 294
hammer/hammer_0/0022_0309_0064_0085_0085.jpg 1 309 64 85 85
hammer/hammer_0/0023_0120_0080_0173_0173.jpg 1 120 80 173 173
hammer/hammer_0/0024_0127_0126_0319_0319.jpg 1 127 126 319 319
hammer/hammer_0/0025_0096_0139_0294_0294.jpg 1 96 139 294 294
hammer/hammer_0/0026_0102_0076_0299_0299.jpg 1 102 76 299 299
hammer/hammer_0/0027_0087_0061_0044_0044.jpg 1 87 61 44 44
hammer/hammer_0/0028_0048_0100_0303_0303.jpg 1 48 100 303 303
hammer/hammer_0/0029_0169_0156_0280_0280.jpg 1 169 156 280 280
hammer/hammer_0/0030_0157_0050_0207_0207.jpg 1 157 50 207 207
hammer/hammer_0/0031_0128_0127_0315_0315.jpg 1 128 127 315 315
hammer/hammer_0/0032_0160_0137_0252_0252.jpg 1 160 137 252 252
hammer/hammer_0/0033_0181_0021_0298_0298.jpg 1 181 21 298 298
hammer/hammer_0/0034_0319_0225_0196_0196.jpg 1 319 225 196 196
hammer/hammer_0/0035_0247_0350_0136_0136.jpg 1 247 350 136 136
hammer/hammer_0/0036_0082_0139_0301_0301.jpg 1 82 139 301 301
hammer/hammer_0/0037_0067_0136_0262_0262.jpg 1 67 136 262 262
hammer/hammer_0/0038_0077_0183_0294_0294.jpg 1 77 183 294 294
hammer/hammer_0/0039_0208_0097_0219_0219.jpg 1 208 97 219 219
hammer/hammer_0/0040_0079_0089_0059_0059.jpg 1 79 89 59 59
hammer/hammer_0/0041_0328_0084_0196_0196.jpg 1 328 84 196 196
hammer/hammer_0/0042_0076_0048_0238_0238.jpg 1 76 48 238 238
hammer/hammer_0/0043_0082_0078_0088_0088.jpg 1 82 78 88 88
hammer/hammer_0/0044_0193_0029_0248_0248.jpg 1 193 29 248 248
hammer/hammer_0/0045_0084_0161_0196_0196.jpg 1 84 161 196 196
hammer/hammer_0/0046_0081_0228_0163_0163.jpg 1 81 228 163 163
hammer/hammer_0/0047_0066_0189_0324_0324.jpg 1 66 189 324 324
hammer/hammer_0/0048_0388_0158_0068_0068.jpg 1 388 158 68 68
hammer/hammer_0/0049_0415_0352_0024_0024.jpg 1 415 352 24 24
hammer/hammer_0/0050_0278_0146_0223_0223.jpg 1 278 146 223 223
hammer/hammer_0/0051_0083_0237_0031_0031.jpg 1 83 237 31 31
hammer/hammer_0/0052_0350_0044_0123_0123.jpg 1 350 44 123 123
hammer/hammer_0/0053_0073_0107_0113_0113.jpg 1 73 107 113 113
hammer/hammer_0/0054_0073_0211_0189_0189.jpg 1 73 211 189 189
hammer/hammer_0/0055_0295_0056_0249_0249.jpg 1 295 56 249 249
hammer/hammer_0/0056_0203_0088_0132_0132.jpg 1 203 88 132 132
hammer/hammer_0/0057_0140_0157_0237_0237.jpg 1 140 157 237 237
hammer/hammer_0/0058_0188_0218_0058_0058.jpg 1 188 218 58 58
hammer/hammer_0/0059_0206_0289_0076_0076.jpg 1 206 289 76 76
hammer/hammer_0/0060_0320_0083_0171_0171.jpg 1 320 83 171 171
hammer/hammer_0/0061_0246_0075_0309_0309.jpg 1 246 75 309 309
hammer/hammer_0/0062_0060_0287_0037_0037.jpg 1 60 287 37 37
hammer/hammer_0/0063_0228_0154_0083_0083.jpg 1 228 154 83 83
hammer/hammer_0/0064_0179_0151_0175_0175.jpg 1 179 151 175 175
hammer/hammer_0/0065_0166_0212_0198_0198.jpg 1 166 212 198 198
hammer/hammer_0/0066_0291_0048_0270_0270.jpg 1 291 48 270 270
hammer/hammer_0/0067_0179_0049_0219_0219.jpg 1 179 49 219 219
hammer/hammer_0/0068_0122_0177_0045_0045.jpg 1 122 177 45 45
hammer/hammer_0/0069_0131_0393_0030_0030.jpg 1 131 393 30 30
hammer/hammer_0/0070_0407_0173_0067_0067.jpg 1 407 173 67 67
hammer/hammer_0/0071_0207_0202_0197_0197.jpg 1 207 202 197 197
hammer/hammer_0/0072_0120_0231_0317_0317.jpg 1 120 231 317 317
hammer/hammer_0/0073_0126_0160_0184_0184.jpg 1 126 160 184 184
hammer/hammer_0/0074_0155_0040_0275_0275.jpg 1 155 40 275 275
hammer/hammer_0/0075_0208_0065_0281_0281.jpg 1 208 65 281 281
hammer/hammer_0/0076_0096_0079_0328_0328.jpg 1 96 79 328 328
hammer/hammer_0/0077_0063_0112_0286_0286.jpg 1 63 112 286 286
hammer/hammer_0/0078_0372_0060_0146_0146.jpg 1 372 60 146 146
hammer/hammer_0/0079_0042_0121_0313_0313.jpg 1 42 121 313 313
hammer/hammer_0/0080_0415_0078_0103_0103.jpg 1 415 78 103 103
hammer/hammer_0/0081_0108_0248_0108_0108.jpg 1 108 248 108 108
hammer/hammer_0/0082_0100_0113_0307_0307.jpg 1 100 113 307 307
hammer/hammer_0/0083_0075_0165_0104_0104.jpg 1 75 165 104 104
hammer/hammer_0/0084_0249_0135_0305_0305.jpg 1 249 135 305 305
hammer/hammer_0/0085_0343_0048_0178_0178.jpg 1 343 48 178 178
hammer/hammer_0/0086_0034_0209_0220_0220.jpg 1 34 209 220 220
hammer/hammer_0/0087_0394_0231_0102_0102.jpg 1 394 231 102 102
hammer/hammer_0/0088_0106_0280_0059_0059.jpg 1 106 280 59 59
hammer/hammer_0/0089_0308_0156_0189_0189.jpg 1 308 156 189 189
hammer/hammer_0/0090_0147_0111_0277_0277.jpg 1 147 111 277 277
hammer/hammer_0/0091_0208_0162_0174_0174.jpg 1 208 162 174 174
hammer/hammer_0/0092_0194_0060_0172_0172.jpg 1 194 60 172 172
hammer/hammer_0/0093_0220_0106_0274_0274.jpg 1 220 106 274 274
hammer/hammer_0/0094_0253_0100_0223_0223.jpg 1 253 100 223 223
hammer/hammer_0/0095_0311_0076_0244_0244.jpg 1 311 76 244 244
hammer/hammer_0/0096_0099_0067_0235_0235.jpg 1 99 67 235 235
hammer/hammer_0/0097_0216_0101_0292_0292.jpg 1 216 101 292 292
hammer/hammer_0/0098_0098_0047_0327_0327.jpg 1 98 47 327 327
hammer/hammer_0/0099_0167_0240_0128_0128.jpg 1 167 240 128 128
hammer/hammer_0/0100_0159_0154_0163_0163.jpg 1 159 154 163 163
hammer/hammer_0/0101_0154_0186_0216_0216.jpg 1 154 186 216 216
hammer/hammer_0/0102_0238_0289_0062_0062.jpg 1 238 289 62 62
hammer/hammer_0/0103_0176_0054_0078_0078.jpg 1 176 54 78 78
hammer/hammer_0/0104_0066_0139_0212_0212.jpg 1 66 139 212 212
hammer/hammer_0/0105_0128_0077_0335_0335.jpg 1 128 77 335 335
hammer/hammer_0/0106_0095_0303_0227_0227.jpg 1 95 303 227 227
hammer/hammer_0/0107_0119_0141_0264_0264.jpg 1 119 141 264 264
hammer/hammer_0/0108_0111_0302_0051_0051.jpg 1 111 302 51 51
hammer/hammer_0/0109_0229_0060_0274_0274.jpg 1 229 60 274 274
hammer/hammer_0/0110_0264_0229_0107_0107.jpg 1 264 229 107 107
hammer/hammer_0/0111_0471_0212_0033_0033.jpg 1 471 212 33 33
hammer/hammer_0/0112_0156_0205_0204_0204.jpg 1 156 205 204 204
hammer/hammer_0/0113_0393_0081_0142_0142.jpg 1 393 81 142 142
hammer/hammer_0/0114_0076_0066_0276_0276.jpg 1 76 66 276 276
hammer/hammer_0/0115_0167_0373_0139_0139.jpg 1 167 373 139 139
hammer/hammer_0/0116_0204_0071_0267_0267.jpg 1 204 71 267 267
hammer/hammer_0/0117_0114_0193_0046_0046.jpg 1 114 193 46 46
hammer/hammer_0/0118_0253_0181_0138_0138.jpg 1 253 181 138 138
hammer/hammer_0/0119_0091_0124_0251_0251.jpg 1 91 124 251 251
hammer/hammer_0/0120_0076_0079_0258_0258.jpg 1 76 79 258 258
hammer/hammer_0/0121_0135_0106_0210_0210.jpg 1 135 106 210 210
hammer/hammer_0/0122_0034_0237_0276_0276.jpg 1 34 237 276 276
hammer/hammer_0/0123_0263_0111_0256_0256.jpg 1 263 111 256 256
hammer/hammer_0/0124_0149_0089_0102_0102.jpg 1 149 89 102 102
hammer/hammer_0/0125_0199_0030_0193_0193.jpg 1 199 30 193 193
hammer/hammer_0/0126_0282_0319_0057_0057.jpg 1 282 319 57 57
hammer/hammer_0/0127_0229_0219_0130_0130.jpg 1 229 219 130 130
hammer/hammer_0/0128_0080_0283_0178_0178.jpg 1 80 283 178 178
hammer/hammer_0/0129_0269_0404_0119_0119.jpg 1 269 404 119 119
hammer/hammer_0/0130_0333_0045_0137_0137.jpg 1 333 45 137 137
hammer/hammer_0/0131_0128_0063_0307_0307.jpg 1 128 63 307 307
hammer/hammer_0/0132_0262_0136_0153_0153.jpg 1 262 136 153 153
hammer/hammer_0/0133_0263_0405_0122_0122.jpg 1 263 405 122 122
hammer/hammer_0/0134_0202_0172_0179_0179.jpg 1 202 172 179 179
hammer/hammer_0/0135_0461_0243_0050_0050.jpg 1 461 243 50 50
hammer/hammer_0/0136_0410_0246_0082_0082.jpg 1 410 246 82 82
hammer/hammer_0/0137_0413_0114_0082_0082.jpg 1 413 114 82 82
hammer/hammer_0/0138_0268_0135_0094_0094.jpg 1 268 135 94 94
hammer/hammer_0/0139_0359_0174_0169_0169.jpg 1 359 174 169 169
hammer/hammer_0/0140_0069_0298_0051_0051.jpg 1 69 298 51 51
hammer/hammer_0/0141_0210_0077_0167_0167.jpg 1 210 77 167 167
hammer/hammer_0/0142_0309_0023_0247_0247.jpg 1 309 23 247 247
hammer/hammer_0/0143_0398_0154_0079_0079.jpg 1 398 154 79 79
hammer/hammer_0/0144_0268_0083_0121_0121.jpg 1 268 83 121 121
hammer/hammer_0/0145_0191_0177_0177_0177.jpg 1 191 177 177 177
hammer/hammer_0/0146_0155_0033_0324_0324.jpg 1 155 33 324 324
hammer/hammer_0/0147_0194_0110_0313_0313.jpg 1 194 110 313 313
hammer/hammer_0/0148_0133_0093_0195_0195.jpg 1 133 93 195 195
hammer/hammer_0/0149_0301_0234_0138_0138.jpg 1 301 234 138 138
hammer/hammer_0/0150_0088_0183_0103_0103.jpg 1 88 183 103 103
hammer/hammer_0/0151_0429_0268_0096_0096.jpg 1 429 268 96 96
hammer/hammer_0/0152_0060_0039_0232_0232.jpg 1 60 39 232 232
hammer/hammer_0/0153_0207_0120_0157_0157.jpg 1 207 120 157 157
hammer/hammer_0/0154_0214_0034_0297_0297.jpg 1 214 34 297 297
hammer/hammer_0/0155_0191_0239_0234_0234.jpg 1 191 239 234 234
hammer/hammer_0/0156_0078_0176_0263_0263.jpg 1 78 176 263 263
hammer/hammer_0/0157_0091_0059_0251_0251.jpg 1 91 59 251 251
hammer/hammer_0/0158_0141_0021_0306_0306.jpg 1 141 21 306 306
hammer/hammer_0/0159_0363_0219_0148_0148.jpg 1 363 219 148 148
hammer/hammer_0/0160_0137_0195_0134_0134.jpg 1 137 195 134 134
hammer/hammer_0/0161_0122_0148_0044_0044.jpg 1 122 148 44 44
hammer/hammer_0/0162_0118_0210_0044_0044.jpg 1 118 210 44 44
hammer/hammer_0/0163_0269_0093_0260_0260.jpg 1 269 93 260 260
hammer/hammer_0/0164_0045_0056_0228_0228.jpg 1 45 56 228 228
hammer/hammer_0/0165_0047_0324_0197_0197.jpg 1 47 324 197 197
hammer/hammer_0/0166_0368_0087_0097_0097.jpg 1 368 87 97 97
hammer/hammer_0/0167_0239_0315_0050_0050.jpg 1 239 315 50 50
hammer/hammer_0/0168_0100_0234_0057_0057.jpg 1 100 234 57 57
hammer/hammer_0/0169_0338_0188_0034_0034.jpg 1 338 188 34 34
hammer/hammer_0/0170_0090_0024_0242_0242.jpg 1 90 24 242 242
hammer/hammer_0/0171_0180_0041_0226_0226.jpg 1 180 41 226 226
hammer/hammer_0/0172_0319_0156_0095_0095.jpg 1 319 156 95 95
hammer/hammer_0/0173_0045_0039_0261_0261.jpg 1 45 39 261 261
hammer/hammer_0/0174_0298_0251_0073_0073.jpg 1 298 251 73 73
hammer/hammer_0/0175_0089_0090_0325_0325.jpg 1 89 90 325 325
hammer/hammer_0/0176_0126_0073_0089_0089.jpg 1 126 73 89 89
hammer/hammer_0/0177_0410_0139_0088_0088.jpg 1 410 139 88 88
hammer/hammer_0/0178_0394_0201_0119_0119.jpg 1 394 201 119 119
hammer/hammer_0/0179_0069_0234_0207_0207.jpg 1 69 234 207 207
hammer/hammer_0/0180_0061_0328_0047_0047.jpg 1 61 328 47 47
hammer/hammer_0/0181_0361_0118_0127_0127.jpg 1 361 118 127 127
hammer/hammer_0/0182_0081_0063_0335_0335.jpg 1 81 63 335 335
hammer/hammer_0/0183_0207_0168_0034_0034.jpg 1 207 168 34 34
hammer/hammer_0/0184_0120_0054_0145_0145.jpg 1 120 54 145 145
hammer/hammer_0/0185_0071_0192_0213_0213.jpg 1 71 192 213 213
hammer/hammer_0/0186_0091_0068_0137_0137.jpg 1 91 68 137 137
hammer/hammer_0/0187_0186_0175_0215_0215.jpg 1 186 175 215 215
hammer/hammer_0/0188_0084_0120_0266_0266.jpg 1 84 120 266 266
hammer/hammer_0/0189_0138_0210_0108_0108.jpg 1 138 210 108 108
hammer/hammer_0/0190_0143_0313_0069_0069.jpg 1 143 313 69 69
hammer/hammer_0/0191_0230_0159_0264_0264.jpg 1 230 159 264 264
hammer/hammer_0/0192_0225_0086_0110_0110.jpg 1 225 86 110 110
hammer/hammer_0/0193_0117_0034_0315_0315.jpg 1 117 34 315 315
hammer/hammer_0/0194_0079_0133_0335_0335.jpg 1 79 133 335 335
hammer/hammer_0/0195_0072_0196_0063_0063.jpg 1 72 196 63 63
hammer/hammer_0/0196_0242_0119_0303_0303.jpg 1 242 119 303 303
hammer/hammer_0/0197_0105_0088_0129_0129.jpg 1 105 88 129 129
hammer/hammer_0/0198_0306_0223_0181_0181.jpg 1 306 223 181 181
hammer/hammer_0/0199_0321_0153_0181_0181.jpg 1 321 153 181 181
hammer/hammer_0/0200_0064_0058_0259_0259.jpg 1 64 58 259 259
hammer/hammer_0/0201_0337_0076_0207_0207.jpg 1 337 76 207 207
hammer/hammer_0/0202_0144_0176_0174_0174.jpg 1 144 176 174 174
hammer/hammer_0/0203_0082_0087_0335_0335.jpg 1 82 87 335 335
hammer/hammer_0/0204_0143_0072_0228_0228.jpg 1 143 72 228 228
hammer/hammer_0/0205_0125_0179_0163_0163.jpg 1 125 179 163 163
hammer/hammer_0/0206_0126_0032_0309_0309.jpg 1 126 32 309 309
hammer/hammer_0/0207_0248_0064_0258_0258.jpg 1 248 64 258 258
hammer/hammer_0/0208_0059_0137_0291_0291.jpg 1 59 137 291 291
hammer/hammer_0/0209_0139_0104_0330_0330.jpg 1 139 104 330 330
hammer/hammer_0/0210_0195_0183_0053_0053.jpg 1 195 183 53 53
hammer/hammer_0/0211_0212_0076_0044_0044.jpg 1 212 76 44 44
hammer/hammer_0/0212_0204_0151_0264_0264.jpg 1 204 151 264 264
hammer/hammer_0/0213_0207_0110_0033_0033.jpg 1 207 110 33 33
hammer/hammer_0/0214_0128_0083_0313_0313.jpg 1 128 83 313 313
hammer/hammer_0/0215_0300_0180_0165_0165.jpg 1 300 180 165 165
hammer/hammer_0/0216_0176_0147_0166_0166.jpg 1 176 147 166 166
hammer/hammer_0/0217_0321_0237_0176_0176.jpg 1 321 237 176 176
hammer/hammer_0/0218_0267_0053_0249_0249.jpg 1 267 53 249 249
hammer/hammer_0/0219_0358_0249_0102_0102.jpg 1 358 249 102 102
hammer/hammer_0/0220_0170_0229_0142_0142.jpg 1 170 229 142 142
hammer/hammer_0/0221_0221_0142_0099_0099.jpg 1 221 142 99 99
hammer/hammer_0/0222_0353_0030_0189_0189.jpg 1 353 30 189 189
hammer/hammer_0/0223_0053_0192_0042_0042.jpg 1 53 192 42 42
hammer/hammer_0/0224_0165_0252_0234_0234.jpg 1 165 252 234 234
hammer/hammer_0/0225_0049_0165_0203_0203.jpg 1 49 165 203 203
hammer/hammer_0/0226_0122_0144_0224_0224.jpg 1 122 144 224 224
hammer/hammer_0/0227_0347_0214_0150_0150.jpg 1 347 214 150 150
hammer/hammer_0/0228_0110_0289_0094_0094.jpg 1 110 289 94 94
hammer/hammer_0/0229_0152_0039_0318_0318.jpg 1 152 39 318 318
hammer/hammer_0/0230_0243_0123_0318_0318.jpg 1 243 123 318 318
hammer/hammer_0/0231_0145_0111_0289_0289.jpg 1 145 111 289 289
hammer/hammer_0/0232_0064_0303_0226_0226.jpg 1 64 303 226 226
hammer/hammer_0/0233_0070_0136_0193_0193.jpg 1 70 136 193 193
hammer/hammer_0/0234_0218_0028_0248_0248.jpg 1 218 28 248 248
hammer/hammer_0/0235_0134_0031_0273_0273.jpg 1 134 31 273 273
hammer/hammer_0/0236_0286_0305_0041_0041.jpg 1 286 305 41 41
hammer/hammer_0/0237_0121_0058_0130_0130.jpg 1 121 58 130 130
hammer/hammer_0/0238_0239_0127_0304_0304.jpg 1 239 127 304 304
hammer/hammer_0/0239_0088_0095_0334_0334.jpg 1 88 95 334 334
hammer/hammer_0/0240_0380_0251_0119_0119.jpg 1 380 251 119 119
hammer/hammer_0/0241_0328_0193_0179_0179.jpg 1 328 193 179 179
hammer/hammer_0/0242_0121_0202_0165_0165.jpg 1 121 202 165 165
hammer/hammer_0/0243_0117_0032_0284_0284.jpg 1 117 32 284 284
hammer/hammer_0/0244_0124_0223_0311_0311.jpg 1 124 223 311 311
hammer/hammer_0/0245_0159_0132_0205_0205.jpg 1 159 132 205 205
hammer/hammer_0/0246_0280_0183_0138_0138.jpg 1 280 183 138 138
hammer/hammer_0/0247_0119_0069_0332_0332.jpg 1 119 69 332 332
hammer/hammer_0/0248_0197_0154_0118_0118.jpg 1 197 154 118 118
hammer/hammer_0/0249_0270_0109_0100_0100.jpg 1 270 109 100 100
hammer/hammer_0/0250_0098_0080_0191_0191.jpg 1 98 80 191 191
hammer/hammer_0/0251_0118_0106_0272_0272.jpg 1 118 106 272 272
hammer/hammer_0/0252_0303_0115_0230_0230.jpg 1 303 115 230 230
hammer/hammer_0/0253_0092_0052_0144_0144.jpg 1 92 52 144 144
hammer/hammer_0/0254_0091_0080_0216_0216.jpg 1 91 80 216 216
hammer/hammer_0/0255_0407_0046_0104_0104.jpg 1 407 46 104 104
hammer/hammer_0/0256_0170_0245_0090_0090.jpg 1 170 245 90 90
hammer/hammer_0/0257_0238_0176_0212_0212.jpg 1 238 176 212 212
hammer/hammer_0/0258_0061_0049_0159_0159.jpg 1 61 49 159 159
hammer/hammer_0/0259_0174_0193_0041_0041.jpg 1 174 193 41 41
hammer/hammer_0/0260_0450_0262_0071_0071.jpg 1 450 262 71 71
hammer/hammer_0/0261_0323_0167_0119_0119.jpg 1 323 167 119 119
hammer/hammer_0/0262_0074_0101_0127_0127.jpg 1 74 101 127 127
hammer/hammer_0/0263_0263_0046_0279_0279.jpg 1 263 46 279 279
hammer/hammer_0/0264_0089_0243_0236_0236.jpg 1 89 243 236 236
hammer/hammer_0/0265_0225_0157_0237_0237.jpg 1 225 157 237 237
hammer/hammer_0/0266_0057_0264_0141_0141.jpg 1 57 264 141 141
hammer/hammer_0/0267_0332_0087_0056_0056.jpg 1 332 87 56 56
hammer/hammer_0/0268_0120_0309_0214_0214.jpg 1 120 309 214 214
hammer/hammer_0/0269_0090_0090_0254_0254.jpg 1 90 90 254 254
hammer/hammer_0/0270_0173_0041_0257_0257.jpg 1 173 41 257 257
hammer/hammer_0/0271_0149_0171_0215_0215.jpg 1 149 171 215 215
hammer/hammer_0/0272_0273_0282_0031_0031.jpg 1 273 282 31 31
hammer/hammer_0/0273_0036_0140_0288_0288.jpg 1 36 140 288 288
hammer/hammer_0/0274_0118_0286_0025_0025.jpg 1 118 286 25 25
hammer/hammer_0/0275_0120_0147_0176_0176.jpg 1 120 147 176 176
hammer/hammer_0/0276_0196_0060_0124_0124.jpg 1 196 60 124 124
hammer/hammer_0/0277_0141_0039_0267_0267.jpg 1 141 39 267 267
hammer/hammer_0/0278_0116_0384_0108_0108.jpg 1 116 384 108 108
hammer/hammer_0/0279_0196_0053_0096_0096.jpg 1 196 53 96 96
hammer/hammer_0/0280_0328_0076_0202_0202.jpg 1 328 76 202 202
hammer/hammer_0/0281_0202_0114_0321_0321.jpg 1 202 114 321 321
hammer/hammer_0/0282_0329_0181_0186_0186.jpg 1 329 181 186 186
hammer/hammer_0/0283_0217_0087_0309_0309.jpg 1 217 87 309 309
hammer/hammer_0/0284_0121_0117_0065_0065.jpg 1 121 117 65 65
hammer/hammer_0/0285_0307_0141_0164_0164.jpg 1 307 141 164 164
hammer/hammer_0/0286_0201_0068_0329_0329.jpg 1 201 68 329 329
hammer/hammer_0/0287_0049_0041_0276_0276.jpg 1 49 41 276 276
hammer/hammer_0/0288_0357_0214_0113_0113.jpg 1 357 214 113 113
hammer/hammer_0/0289_0168_0225_0116_0116.jpg 1 168 225 116 116
hammer/hammer_0/0290_0158_0056_0285_0285.jpg 1 158 56 285 285
hammer/hammer_0/0291_0201_0058_0266_0266.jpg 1 201 58 266 266
hammer/hammer_0/0292_0153_0282_0280_0280.jpg 1 153 282 280 280
hammer/hammer_0/0293_0192_0286_0089_0089.jpg 1 192 286 89 89
hammer/hammer_0/0294_0103_0082_0289_0289.jpg 1 103 82 289 289
hammer/hammer_0/0295_0194_0034_0292_0292.jpg 1 194 34 292 292
hammer/hammer_0/0296_0128_0307_0025_0025.jpg 1 128 307 25 25
hammer/hammer_0/0297_0224_0070_0188_0188.jpg 1 224 70 188 188
hammer/hammer_0/0298_0219_0121_0327_0327.jpg 1 219 121 327 327
hammer/hammer_0/0299_0268_0104_0298_0298.jpg 1 268 104 298 298
hammer/hammer_0/0300_0160_0105_0282_0282.jpg 1 160 105 282 282
hammer/hammer_0/0301_0075_0037_0285_0285.jpg 1 75 37 285 285
hammer/hammer_0/0302_0168_0064_0332_0332.jpg 1 168 64 332 332
hammer/hammer_0/0303_0029_0225_0329_0329.jpg 1 29 225 329 329
hammer/hammer_0/0304_0152_0158_0225_0225.jpg 1 152 158 225 225
hammer/hammer_0/0305_0411_0174_0076_0076.jpg 1 411 174 76 76
hammer/hammer_0/0306_0198_0130_0301_0301.jpg 1 198 130 301 301
hammer/hammer_0/0307_0029_0044_0281_0281.jpg 1 29 44 281 281
hammer/hammer_0/0308_0144_0111_0287_0287.jpg 1 144 111 287 287
hammer/hammer_0/0309_0119_0218_0317_0317.jpg 1 119 218 317 317
hammer/hammer_0/0310_0204_0144_0133_0133.jpg 1 204 144 133 133
hammer/hammer_0/0311_0254_0233_0057_0057.jpg 1 254 233 57 57
hammer/hammer_0/0312_0447_0162_0035_0035.jpg 1 447 162 35 35
hammer/hammer_0/0313_0454_0322_0052_0052.jpg 1 454 322 52 52
hammer/hammer_0/0314_0218_0173_0160_0160.jpg 1 218 173 160 160
hammer/hammer_0/0315_0130_0113_0258_0258.jpg 1 130 113 258 258
hammer/hammer_0/0316_0120_0118_0282_0282.jpg 1 120 118 282 282
hammer/hammer_0/0317_0242_0035_0311_0311.jpg 1 242 35 311 311
hammer/hammer_0/0318_0115_0131_0310_0310.jpg 1 115 131 310 310
hammer/hammer_0/0319_0351_0247_0031_0031.jpg 1 351 247 31 31
hammer/hammer_0/0320_0074_0167_0269_0269.jpg 1 74 167 269 269
hammer/hammer_0/0321_0393_0325_0055_0055.jpg 1 393 325 55 55
hammer/hammer_0/0322_0120_0235_0068_0068.jpg 1 120 235 68 68
hammer/hammer_0/0323_0098_0114_0293_0293.jpg 1 98 114 293 293
hammer/hammer_0/0324_0218_0145_0282_0282.jpg 1 218 145 282 282
hammer/hammer_0/0325_0136_0064_0258_0258.jpg 1 136 64 258 258
hammer/hammer_0/0326_0106_0114_0177_0177.jpg 1 106 114 177 177
hammer/hammer_0/0327_0230_0077_0264_0264.jpg 1 230 77 264 264
hammer/hammer_0/0328_0262_0060_0251_0251.jpg 1 262 60 251 251
hammer/hammer_0/0329_0045_0052_0234_0234.jpg 1 45 52 234 234
hammer/hammer_0/0330_0266_0202_0167_0167.jpg 1 266 202 167 167
hammer/hammer_0/0331_0120_0095_0142_0142.jpg 1 120 95 142 142
hammer/hammer_0/0332_0048_0111_0134_0134.jpg 1 48 111 134 134
hammer/hammer_0/0333_0110_0250_0102_0102.jpg 1 110 250 102 102
hammer/hammer_0/0334_0096_0029_0318_0318.jpg 1 96 29 318 318
hammer/hammer_0/0335_0157_0307_0029_0029.jpg 1 157 307 29 29
hammer/hammer_0/0336_0156_0029_0331_0331.jpg 1 156 29 331 331
hammer/hammer_0/0337_0115_0055_0246_0246.jpg 1 115 55 246 246
hammer/hammer_0/0338_0264_0106_0155_0155.jpg 1 264 106 155 155
hammer/hammer_0/0339_0179_0138_0083_0083.jpg 1 179 138 83 83
hammer/hammer_0/0340_0237_0207_0102_0102.jpg 1 237 207 102 102
hammer/hammer_0/0341_0132_0226_0119_0119.jpg 1 132 226 119 119
hammer/hammer_0/0342_0335_0078_0200_0200.jpg 1 335 78 200 200
hammer/hammer_0/0343_0074_0125_0094_0094.jpg 1 74 125 94 94
hammer/hammer_0/0344_0251_0053_0315_0315.jpg 1 251 53 315 315
hammer/hammer_0/0345_0129_0087_0241_0241.jpg 1 129 87 241 241
hammer/hammer_0/0346_0438_0239_0083_0083.jpg 1 438 239 83 83
hammer/hammer_0/0347_0116_0048_0182_0182.jpg 1 116 48 182 182
hammer/hammer_0/0348_0116_0084_0319_0319.jpg 1 116 84 319 319
hammer/hammer_0/0349_0102_0166_0270_0270.jpg 1 102 166 270 270
hammer/hammer_0/0350_0157_0113_0300_0300.jpg 1 157 113 300 300
hammer/hammer_0/0351_0173_0182_0211_0211.jpg 1 173 182 211 211
hammer/hammer_0/0352_0110_0171_0238_0238.jpg 1 110 171 238 238
hammer/hammer_0/0353_0126_0155_0046_0046.jpg 1 126 155 46 46
hammer/hammer_0/0354_0207_0211_0050_0050.jpg 1 207 211 50 50
hammer/hammer_0/0355_0129_0081_0332_0332.jpg 1 129 81 332 332
hammer/hammer_0/0356_0242_0061_0119_0119.jpg 1 242 61 119 119
hammer/hammer_0/0357_0083_0050_0204_0204.jpg 1 83 50 204 204
hammer/hammer_0/0358_0153_0110_0316_0316.jpg 1 153 110 316 316
hammer/hammer_0/0359_0075_0048_0222_0222.jpg 1 75 48 222 222
hammer/hammer_0/0360_0261_0086_0092_0092.jpg 1 261 86 92 92
hammer/hammer_0/0361_0207_0073_0231_0231.jpg 1 207 73 231 231
hammer/hammer_0/0362_0248_0117_0213_0213.jpg 1 248 117 213 213
hammer/hammer_0/0363_0072_0270_0195_0195.jpg 1 72 270 195 195
hammer/hammer_0/0364_0160_0109_0313_0313.jpg 1 160 109 313 313
hammer/hammer_0/0365_0144_0124_0065_0065.jpg 1 144 124 65 65
hammer/hammer_0/0366_0356_0275_0084_0084.jpg 1 356 275 84 84
hammer/hammer_0/0367_0220_0138_0093_0093.jpg 1 220 138 93 93
hammer/hammer_0/0368_0152_0308_0054_0054.jpg 1 152 308 54 54
hammer/hammer_0/0369_0314_0155_0215_0215.jpg 1 314 155 215 215
hammer/hammer_0/0370_0154_0186_0153_0153.jpg 1 154 186 153 153
hammer/hammer_0/0371_0384_0215_0080_0080.jpg 1 384 215 80 80
hammer/hammer_0/0372_0155_0021_0292_0292.jpg 1 155 21 292 292
hammer/hammer_0/0373_0129_0226_0169_0169.jpg 1 129 226 169 169
hammer/hammer_0/0374_0226_0112_0226_0226.jpg 1 226 112 226 226
hammer/hammer_0/0375_0251_0135_0202_0202.jpg 1 251 135 202 202
hammer/hammer_0/0376_0292_0324_0034_0034.jpg 1 292 324 34 34
hammer/hammer_0/0377_0161_0056_0180_0180.jpg 1 161 56 180 180
hammer/hammer_0/0378_0155_0053_0139_0139.jpg 1 155 53 139 139
hammer/hammer_0/0379_0132_0258_0101_0101.jpg 1 132 258 101 101
hammer/hammer_0/0380_0277_0121_0032_0032.jpg 1 277 121 32 32
hammer/hammer_0/0381_0280_0070_0165_0165.jpg 1 280 70 165 165
hammer/hammer_0/0382_0211_0083_0158_0158.jpg 1 211 83 158 158
hammer/hammer_0/0383_0157_0076_0113_0113.jpg 1 157 76 113 113
hammer/hammer_0/0384_0126_0226_0300_0300.jpg 1 126 226 300 300
hammer/hammer_0/0385_0175_0120_0212_0212.jpg 1 175 120 212 212
hammer/hammer_0/0386_0228_0044_0246_0246.jpg 1 228 44 246 246
hammer/hammer_0/0387_0183_0134_0270_0270.jpg 1 183 134 270 270
hammer/hammer_0/0388_0205_0063_0233_0233.jpg 1 205 63 233 233
hammer/hammer_0/0389_0096_0111_0036_0036.jpg 1 96 111 36 36
hammer/hammer_0/0390_0175_0130_0243_0243.jpg 1 175 130 243 243
hammer/hammer_0/0391_0222_0218_0183_0183.jpg 1 222 218 183 183
hammer/hammer_0/0392_0195_0134_0216_0216.jpg 1 195 134 216 216
hammer/hammer_0/0393_0089_0108_0160_0160.jpg 1 89 108 160 160
hammer/hammer_0/0394_0068_0148_0248_0248.jpg 1 68 148 248 248
hammer/hammer_0/0395_0122_0149_0279_0279.jpg 1 122 149 279 279
hammer/hammer_0/0396_0228_0104_0173_0173.jpg 1 228 104 173 173
hammer/hammer_0/0397_0155_0108_0325_0325.jpg 1 155 108 325 325
hammer/hammer_0/0398_0162_0089_0232_0232.jpg 1 162 89 232 232
hammer/hammer_0/0399_0296_0147_0205_0205.jpg 1 296 147 205 205
hammer/hammer_0/0400_0163_0064_0334_0334.jpg 1 163 64 334 334
hammer/hammer_0/0401_0131_0061_0239_0239.jpg 1 131 61 239 239
hammer/hammer_0/0402_0040_0117_0250_0250.jpg 1 40 117 250 250
hammer/hammer_0/0403_0167_0259_0141_0141.jpg 1 167 259 141 141
hammer/hammer_0/0404_0283_0323_0050_0050.jpg 1 283 323 50 50
hammer/hammer_0/0405_0315_0168_0158_0158.jpg 1 315 168 158 158
hammer/hammer_0/0406_0114_0180_0252_0252.jpg 1 114 180 252 252
hammer/hammer_0/0407_0035_0122_0080_0080.jpg 1 35 122 80 80
hammer/hammer_0/0408_0271_0346_0025_0025.jpg 1 271 346 25 25
hammer/hammer_0/0409_0248_0015_0328_0328.jpg 1 248 15 328 328
hammer/hammer_0/0410_0231_0301_0089_0089.jpg 1 231 301 89 89
hammer/hammer_0/0411_0236_0144_0115_0115.jpg 1 236 144 115 115
hammer/hammer_0/0412_0307_0099_0085_0085.jpg 1 307 99 85 85
hammer/hammer_0/0413_0111_0265_0133_0133.jpg 1 111 265 133 133
hammer/hammer_0/0414_0129_0041_0316_0316.jpg 1 129 41 316 316
hammer/hammer_0/0415_0074_0021_0335_0335.jpg 1 74 21 335 335
hammer/hammer_0/0416_0157_0080_0095_0095.jpg 1 157 80 95 95
hammer/hammer_0/0417_0132_0132_0136_0136.jpg 1 132 132 136 136
hammer/hammer_0/0418_0361_0103_0137_0137.jpg 1 361 103 137 137
hammer/hammer_0/0419_0057_0127_0232_0232.jpg 1 57 127 232 232
hammer/hammer_0/0420_0158_0116_0198_0198.jpg 1 158 116 198 198
hammer/hammer_0/0421_0098_0247_0318_0318.jpg 1 98 247 318 318
hammer/hammer_0/0422_0067_0081_0301_0301.jpg 1 67 81 301 301
hammer/hammer_0/0423_0146_0209_0208_0208.jpg 1 146 209 208 208
hammer/hammer_0/0424_0326_0102_0041_0041.jpg 1 326 102 41 41
hammer/hammer_0/0425_0072_0056_0270_0270.jpg 1 72 56 270 270
hammer/hammer_0/0426_0240_0130_0153_0153.jpg 1 240 130 153 153
hammer/hammer_0/0427_0040_0092_0301_0301.jpg 1 40 92 301 301
hammer/hammer_0/0428_0146_0077_0251_0251.jpg 1 146 77 251 251
hammer/hammer_0/0429_0397_0213_0128_0128.jpg 1 397 213 128 128
hammer/hammer_0/0430_0194_0100_0082_0082.jpg 1 194 100 82 82
hammer/hammer_0/0431_0201_0100_0072_0072.jpg 1 201 100 72 72
hammer/hammer_0/0432_0225_0048_0205_0205.jpg 1 225 48 205 205
hammer/hammer_0/0433_0072_0411_0065_0065.jpg 1 72 411 65 65
hammer/hammer_0/0434_0067_0139_0172_0172.jpg 1 67 139 172 172
hammer/hammer_0/0435_0320_0084_0186_0186.jpg 1 320 84 186 186
hammer/hammer_0/0436_0080_0118_0089_0089.jpg 1 80 118 89 89
hammer/hammer_0/0437_0134_0163_0263_0263.jpg 1 134 163 263 263
hammer/hammer_0/0438_0088_0189_0179_0179.jpg 1 88 189 179 179
hammer/hammer_0/0439_0139_0073_0298_0298.jpg 1 139 73 298 298
hammer/hammer_0/0440_0080_0103_0043_0043.jpg 1 80 103 43 43
hammer/hammer_0/0441_0271_0038_0255_0255.jpg 1 271 38 255 255
hammer/hammer_0/0442_0296_0157_0233_0233.jpg 1 296 157 233 233
hammer/hammer_0/0443_0039_0090_0166_0166.jpg 1 39 90 166 166
hammer/hammer_0/0444_0234_0233_0104_0104.jpg 1 234 233 104 104
hammer/hammer_0/0445_0235_0043_0253_0253.jpg 1 235 43 253 253
hammer/hammer_0/0446_0318_0068_0129_0129.jpg 1 318 68 129 129
hammer/hammer_0/0447_0237_0050_0165_0165.jpg 1 237 50 165 165
hammer/hammer_0/0448_0139_0102_0324_0324.jpg 1 139 102 324 324
hammer/hammer_0/0449_0159_0155_0222_0222.jpg 1 159 155 222 222
hammer/hammer_0/0450_0194_0112_0268_0268.jpg 1 194 112 268 268
hammer/hammer_0/0451_0278_0057_0275_0275.jpg 1 278 57 275 275
hammer/hammer_0/0452_0179_0070_0292_0292.jpg 1 179 70 292 292
hammer/hammer_0/0453_0104_0110_0176_0176.jpg 1 104 110 176 176
hammer/hammer_0/0454_0067_0150_0094_0094.jpg 1 67 150 94 94
hammer/hammer_0/0455_0293_0261_0045_0045.jpg 1 293 261 45 45
hammer/hammer_0/0456_0347_0208_0064_0064.jpg 1 347 208 64 64
hammer/hammer_0/0457_0054_0263_0296_0296.jpg 1 54 263 296 296
hammer/hammer_0/0458_0213_0146_0255_0255.jpg 1 213 146 255 255
hammer/hammer_0/0459_0252_0122_0216_0216.jpg 1 252 122 216 216
hammer/hammer_0/0460_0251_0109_0261_0261.jpg 1 251 109 261 261
hammer/hammer_0/0461_0208_0071_0075_0075.jpg 1 208 71 75 75
hammer/hammer_0/0462_0257_0043_0182_0182.jpg 1 257 43 182 182
hammer/hammer_0/0463_0286_0208_0195_0195.jpg 1 286 208 195 195
hammer/hammer_0/0464_0116_0076_0315_0315.jpg 1 116 76 315 315
hammer/hammer_0/0465_0164_0110_0312_0312.jpg 1 164 110 312 312
hammer/hammer_0/0466_0084_0466_0025_0025.jpg 1 84 466 25 25
hammer/hammer_0/0467_0132_0189_0285_0285.jpg 1 132 189 285 285
hammer/hammer_0/0468_0198_0113_0041_0041.jpg 1 198 113 41 41
hammer/hammer_0/0469_0404_0117_0128_0128.jpg 1 404 117 128 128
hammer/hammer_0/0470_0240_0094_0316_0316.jpg 1 240 94 316 316
hammer/hammer_0/0471_0087_0222_0138_0138.jpg 1 87 222 138 138
hammer/hammer_0/0472_0249_0096_0029_0029.jpg 1 249 96 29 29
hammer/hammer_0/0473_0182_0191_0088_0088.jpg 1 182 191 88 88
hammer/hammer_0/0474_0165_0137_0088_0088.jpg 1 165 137 88 88
hammer/hammer_0/0475_0208_0102_0239_0239.jpg 1 208 102 239 239
hammer/hammer_0/0476_0283_0451_0047_0047.jpg 1 283 451 47 47
hammer/hammer_0/0477_0191_0075_0158_0158.jpg 1 191 75 158 158
hammer/hammer_0/0478_0260_0037_0250_0250.jpg 1 260 37 250 250
hammer/hammer_0/0479_0324_0208_0114_0114.jpg 1 324 208 114 114
hammer/hammer_0/0480_0223_0306_0076_0076.jpg 1 223 306 76 76
hammer/hammer_0/0481_0180_0125_0122_0122.jpg 1 180 125 122 122
hammer/hammer_0/0482_0306_0109_0069_0069.jpg 1 306 109 69 69
hammer/hammer_0/0483_0107_0066_0230_0230.jpg 1 107 66 230 230
hammer/hammer_0/0484_0261_0051_0291_0291.jpg 1 261 51 291 291
hammer/hammer_0/0485_0377_0041_0134_0134.jpg 1 377 41 134 134
hammer/hammer_0/0486_0239_0083_0266_0266.jpg 1 239 83 266 266
hammer/hammer_0/0487_0352_0101_0147_0147.jpg 1 352 101 147 147
hammer/hammer_0/0488_0228_0026_0320_0320.jpg 1 228 26 320 320
hammer/hammer_0/0489_0158_0057_0302_0302.jpg 1 158 57 302 302
hammer/hammer_0/0490_0409_0092_0100_0100.jpg 1 409 92 100 100
hammer/hammer_0/0491_0307_0112_0127_0127.jpg 1 307 112 127 127
hammer/hammer_0/0492_0140_0049_0240_0240.jpg 1 140 49 240 240
hammer/hammer_0/0493_0265_0078_0143_0143.jpg 1 265 78 143 143
hammer/hammer_0/0494_0231_0118_0295_0295.jpg 1 231 118 295 295
hammer/hammer_0/0495_0180_0144_0204_0204.jpg 1 180 144 204 204
hammer/hammer_0/0496_0144_0191_0162_0162.jpg 1 144 191 162 162
hammer/hammer_0/0497_0228_0045_0335_0335.jpg 1 228 45 335 335
hammer/hammer_0/0498_0061_0127_0260_0260.jpg 1 61 127 260 260
hammer/hammer_0/0499_0348_0088_0038_0038.jpg 1 348 88 38 38
hammer/hammer_0/0500_0120_0095_0264_0264.jpg 1 120 95 264 264
hammer/hammer_0/0501_0308_0068_0070_0070.jpg 1 308 68 70 70
hammer/hammer_0/0502_0218_0062_0304_0304.jpg 1 218 62 304 304
hammer/hammer_0/0503_0056_0160_0100_0100.jpg 1 56 160 100 100
hammer/hammer_0/0504_0443_0157_0035_0035.jpg 1 443 157 35 35
hammer/hammer_0/0505_0053_0033_0329_0329.jpg 1 53 33 329 329
hammer/hammer_0/0506_0459_0058_0026_0026.jpg 1 459 58 26 26
hammer/hammer_0/0507_0361_0213_0126_0126.jpg 1 361 213 126 126
hammer/hammer_0/0508_0051_0244_0240_0240.jpg 1 51 244 240 240
hammer/hammer_0/0509_0037_0083_0211_0211.jpg 1 37 83 211 211
hammer/hammer_0/0510_0135_0193_0259_0259.jpg 1 135 193 259 259
hammer/hammer_0/0511_0133_0165_0119_0119.jpg 1 133 165 119 119
hammer/hammer_0/0512_0378_0116_0092_0092.jpg 1 378 116 92 92
hammer/hammer_0/0513_0166_0157_0129_0129.jpg 1 166 157 129 129
hammer/hammer_0/0514_0120_0210_0090_0090.jpg 1 120 210 90 90
hammer/hammer_0/0515_0211_0063_0109_0109.jpg 1 211 63 109 109
hammer/hammer_0/0516_0143_0228_0163_0163.jpg 1 143 228 163 163
hammer/hammer_0/0517_0200_0080_0277_0277.jpg 1 200 80 277 277
hammer/hammer_0/0518_0411_0254_0077_0077.jpg 1 411 254 77 77
hammer/hammer_0/0519_0259_0179_0202_0202.jpg 1 259 179 202 202
hammer/hammer_0/0520_0332_0116_0076_0076.jpg 1 332 116 76 76
hammer/hammer_0/0521_0308_0139_0211_0211.jpg 1 308 139 211 211
hammer/hammer_0/0522_0050_0155_0268_0268.jpg 1 50 155 268 268
hammer/hammer_0/0523_0170_0154_0260_0260.jpg 1 170 154 260 260
hammer/hammer_0/0524_0218_0083_0321_0321.jpg 1 218 83 321 321
hammer/hammer_0/0525_0125_0117_0305_0305.jpg 1 125 117 305 305
hammer/hammer_0/0526_0439_0130_0034_0034.jpg 1 439 130 34 34
hammer/hammer_0/0527_0344_0319_0069_0069.jpg 1 344 319 69 69
hammer/hammer_0/0528_0317_0339_0055_0055.jpg 1 317 339 55 55
hammer/hammer_0/0529_0188_0111_0079_0079.jpg 1 188 111 79 79
hammer/hammer_0/0530_0255_0186_0133_0133.jpg 1 255 186 133 133
hammer/hammer_0/0531_0217_0025_0305_0305.jpg 1 217 25 305 305
hammer/hammer_0/0532_0126_0250_0053_0053.jpg 1 126 250 53 53
hammer/hammer_0/0533_0297_0179_0061_0061.jpg 1 297 179 61 61
hammer/hammer_0/0534_0281_0071_0206_0206.jpg 1 281 71 206 206
hammer/hammer_0/0535_0102_0167_0139_0139.jpg 1 102 167 139 139
hammer/hammer_0/0536_0148_0135_0266_0266.jpg 1 148 135 266 266
hammer/hammer_0/0537_0281_0219_0156_0156.jpg 1 281 219 156 156
hammer/hammer_0/0538_0241_0109_0287_0287.jpg 1 241 109 287 287
hammer/hammer_0/0539_0099_0225_0026_0026.jpg 1 99 225 26 26
hammer/hammer_0/0540_0389_0217_0134_0134.jpg 1 389 217 134 134
hammer/hammer_0/0541_0098_0251_0312_0312.jpg 1 98 251 312 312
hammer/hammer_0/0542_0215_0060_0078_0078.jpg 1 215 60 78 78
hammer/hammer_0/0543_0446_0113_0073_0073.jpg 1 446 113 73 73
hammer/hammer_0/0544_0176_0114_0272_0272.jpg 1 176 114 272 272
hammer/hammer_0/0545_0185_0189_0243_0243.jpg 1 185 189 243 243
hammer/hammer_0/0546_0103_0199_0176_0176.jpg 1 103 199 176 176
hammer/hammer_0/0547_0117_0158_0123_0123.jpg 1 117 158 123 123
hammer/hammer_0/0548_0267_0080_0299_0299.jpg 1 267 80 299 299
hammer/hammer_0/0549_0061_0171_0245_0245.jpg 1 61 171 245 245
hammer/hammer_0/0550_0421_0216_0046_0046.jpg 1 421 216 46 46
hammer/hammer_0/0551_0347_0157_0202_0202.jpg 1 347 157 202 202
hammer/hammer_0/0552_0158_0149_0053_0053.jpg 1 158 149 53 53
hammer/hammer_0/0553_0240_0053_0158_0158.jpg 1 240 53 158 158
hammer/hammer_0/0554_0146_0315_0130_0130.jpg 1 146 315 130 130
hammer/hammer_0/0555_0064_0179_0049_0049.jpg 1 64 179 49 49
hammer/hammer_0/0556_0139_0053_0289_0289.jpg 1 139 53 289 289
hammer/hammer_0/0557_0118_0199_0275_0275.jpg 1 118 199 275 275
hammer/hammer_0/0558_0172_0067_0313_0313.jpg 1 172 67 313 313
hammer/hammer_0/0559_0028_0070_0251_0251.jpg 1 28 70 251 251
hammer/hammer_0/0560_0163_0116_0238_0238.jpg 1 163 116 238 238
hammer/hammer_0/0561_0263_0155_0114_0114.jpg 1 263 155 114 114
hammer/hammer_0/0562_0340_0080_0135_0135.jpg 1 340 80 135 135
hammer/hammer_0/0563_0075_0181_0222_0222.jpg 1 75 181 222 222
hammer/hammer_0/0564_0147_0050_0200_0200.jpg 1 147 50 200 200
hammer/hammer_0/0565_0073_0078_0260_0260.jpg 1 73 78 260 260
hammer/hammer_0/0566_0365_0299_0054_0054.jpg 1 365 299 54 54
hammer/hammer_0/0567_0062_0229_0140_0140.jpg 1 62 229 140 140
hammer/hammer_0/0568_0087_0051_0027_0027.jpg 1 87 51 27 27
hammer/hammer_0/0569_0200_0321_0164_0164.jpg 1 200 321 164 164
hammer/hammer_0/0570_0096_0244_0025_0025.jpg 1 96 244 25 25
hammer/hammer_0/0571_0211_0218_0077_0077.jpg 1 211 218 77 77
hammer/hammer_0/0572_0153_0188_0136_0136.jpg 1 153 188 136 136
hammer/hammer_0/0573_0114_0186_0065_0065.jpg 1 114 186 65 65
hammer/hammer_0/0574_0260_0074_0277_0277.jpg 1 260 74 277 277
hammer/hammer_0/0575_0424_0064_0105_0105.jpg 1 424 64 105 105
hammer/hammer_0/0576_0349_0235_0038_0038.jpg 1 349 235 38 38
hammer/hammer_0/0577_0231_0153_0189_0189.jpg 1 231 153 189 189
hammer/hammer_0/0578_0285_0082_0264_0264.jpg 1 285 82 264 264
hammer/hammer_0/0579_0144_0232_0261_0261.jpg 1 144 232 261 261
hammer/hammer_0/0580_0228_0140_0064_0064.jpg 1 228 140 64 64
hammer/hammer_0/0581_0063_0241_0094_0094.jpg 1 63 241 94 94
hammer/hammer_0/0582_0108_0077_0292_0292.jpg 1 108 77 292 292
hammer/hammer_0/0583_0475_0280_0024_0024.jpg 1 475 280 24 24
hammer/hammer_0/0584_0085_0339_0049_0049.jpg 1 85 339 49 49
hammer/hammer_0/0585_0369_0259_0139_0139.jpg 1 369 259 139 139
hammer/hammer_0/0586_0472_0275_0047_0047.jpg 1 472 275 47 47
hammer/hammer_0/0587_0091_0105_0238_0238.jpg 1 91 105 238 238
hammer/hammer_0/0588_0172_0072_0140_0140.jpg 1 172 72 140 140
hammer/hammer_0/0589_0205_0241_0062_0062.jpg 1 205 241 62 62
hammer/hammer_0/0590_0201_0064_0149_0149.jpg 1 201 64 149 149
hammer/hammer_0/0591_0123_0319_0080_0080.jpg 1 123 319 80 80
hammer/hammer_0/0592_0420_0280_0090_0090.jpg 1 420 280 90 90
hammer/hammer_0/0593_0236_0340_0141_0141.jpg 1 236 340 141 141
hammer/hammer_0/0594_0149_0209_0029_0029.jpg 1 149 209 29 29
hammer/hammer_0/0595_0070_0190_0173_0173.jpg 1 70 190 173 173
hammer/hammer_0/0596_0409_0160_0115_0115.jpg 1 409 160 115 115
hammer/hammer_0/0597_0323_0087_0049_0049.jpg 1 323 87 49 49
hammer/hammer_0/0598_0062_0136_0309_0309.jpg 1 62 136 309 309
hammer/hammer_0/0599_0226_0096_0308_0308.jpg 1 226 96 308 308
hammer/hammer_0/0600_0473_0087_0036_0036.jpg 1 473 87 36 36
hammer/hammer_0/0601_0401_0049_0132_0132.jpg 1 401 49 132 132
hammer/hammer_0/0602_0382_0255_0127_0127.jpg 1 382 255 127 127
hammer/hammer_0/0603_0189_0119_0257_0257.jpg 1 189 119 257 257
hammer/hammer_0/0604_0248_0180_0197_0197.jpg 1 248 180 197 197
hammer/hammer_0/0605_0157_0069_0271_0271.jpg 1 157 69 271 271
hammer/hammer_0/0606_0157_0283_0037_0037.jpg 1 157 283 37 37
hammer/hammer_0/0607_0242_0074_0255_0255.jpg 1 242 74 255 255
hammer/hammer_0/0608_0058_0436_0071_0071.jpg 1 58 436 71 71
hammer/hammer_0/0609_0226_0116_0180_0180.jpg 1 226 116 180 180
hammer/hammer_0/0610_0018_0269_0301_0301.jpg 1 18 269 301 301
hammer/hammer_0/0611_0147_0056_0072_0072.jpg 1 147 56 72 72
hammer/hammer_0/0612_0314_0169_0244_0244.jpg 1 314 169 244 244
hammer/hammer_0/0613_0246_0048_0129_0129.jpg 1 246 48 129 129
hammer/hammer_0/0614_0298_0117_0224_0224.jpg 1 298 117 224 224
hammer/hammer_0/0615_0285_0044_0196_0196.jpg 1 285 44 196 196
hammer/hammer_0/0616_0152_0068_0296_0296.jpg 1 152 68 296 296
hammer/hammer_0/0617_0207_0110_0335_0335.jpg 1 207 110 335 335
hammer/hammer_0/0618_0077_0073_0228_0228.jpg 1 77 73 228 228
hammer/hammer_0/0619_0077_0043_0280_0280.jpg 1 77 43 280 280
hammer/hammer_0/0620_0190_0177_0063_0063.jpg 1 190 177 63 63
hammer/hammer_0/0621_0106_0150_0277_0277.jpg 1 106 150 277 277
hammer/hammer_0/0622_0221_0188_0185_0185.jpg 1 221 188 185 185
hammer/hammer_0/0623_0480_0084_0038_0038.jpg 1 480 84 38 38
hammer/hammer_0/0624_0374_0261_0103_0103.jpg 1 374 261 103 103
hammer/hammer_0/0625_0148_0056_0289_0289.jpg 1 148 56 289 289
hammer/hammer_0/0626_0181_0038_0230_0230.jpg 1 181 38 230 230
hammer/hammer_0/0627_0144_0230_0191_0191.jpg 1 144 230 191 191
hammer/hammer_0/0628_0050_0052_0295_0295.jpg 1 50 52 295 295
hammer/hammer_0/0629_0067_0244_0155_0155.jpg 1 67 244 155 155
hammer/hammer_0/0630_0179_0168_0115_0115.jpg 1 179 168 115 115
hammer/hammer_0/0631_0081_0023_0271_0271.jpg 1 81 23 271 271
hammer/hammer_0/0632_0124_0167_0029_0029.jpg 1 124 167 29 29
hammer/hammer_0/0633_0240_0100_0243_0243.jpg 1 240 100 243 243
hammer/hammer_0/0634_0361_0169_0091_0091.jpg 1 361 169 91 91
hammer/hammer_0/0635_0420_0138_0043_0043.jpg 1 420 138 43 43
hammer/hammer_0/0636_0256_0116_0201_0201.jpg 1 256 116 201 201
hammer/hammer_0/0637_0250_0252_0116_0116.jpg 1 250 252 116 116
hammer/hammer_0/0638_0253_0181_0135_0135.jpg 1 253 181 135 135
hammer/hammer_0/0639_0079_0280_0151_0151.jpg 1 79 280 151 151
hammer/hammer_0/0640_0095_0118_0315_0315.jpg 1 95 118 315 315
hammer/hammer_0/0641_0036_0042_0317_0317.jpg 1 36 42 317 317
hammer/hammer_0/0642_0047_0074_0187_0187.jpg 1 47 74 187 187
hammer/hammer_0/0643_0066_0138_0314_0314.jpg 1 66 138 314 314
hammer/hammer_0/0644_0169_0106_0243_0243.jpg 1 169 106 243 243
hammer/hammer_0/0645_0210_0023_0309_0309.jpg 1 210 23 309 309
hammer/hammer_0/0646_0215_0039_0306_0306.jpg 1 215 39 306 306
hammer/hammer_0/0647_0089_0112_0269_0269.jpg 1 89 112 269 269
hammer/hammer_0/0648_0093_0225_0242_0242.jpg 1 93 225 242 242
hammer/hammer_0/0649_0077_0352_0189_0189.jpg 1 77 352 189 189
hammer/hammer_0/0650_0150_0163_0126_0126.jpg 1 150 163 126 126
hammer/hammer_0/0651_0218_0306_0204_0204.jpg 1 218 306 204 204
hammer/hammer_0/0652_0325_0156_0136_0136.jpg 1 325 156 136 136
hammer/hammer_0/0653_0163_0084_0242_0242.jpg 1 163 84 242 242
hammer/hammer_0/0654_0369_0149_0136_0136.jpg 1 369 149 136 136
hammer/hammer_0/0655_0075_0040_0290_0290.jpg 1 75 40 290 290
hammer/hammer_0/0656_0198_0220_0102_0102.jpg 1 198 220 102 102
hammer/hammer_0/0657_0234_0027_0219_0219.jpg 1 234 27 219 219
hammer/hammer_0/0658_0465_0237_0056_0056.jpg 1 465 237 56 56
hammer/hammer_0/0659_0316_0072_0242_0242.jpg 1 316 72 242 242
hammer/hammer_0/0660_0068_0072_0152_0152.jpg 1 68 72 152 152
hammer/hammer_0/0661_0322_0101_0115_0115.jpg 1 322 101 115 115
hammer/hammer_0/0662_0106_0382_0062_0062.jpg 1 106 382 62 62
hammer/hammer_0/0663_0157_0197_0065_0065.jpg 1 157 197 65 65
hammer/hammer_0/0664_0247_0115_0062_0062.jpg 1 247 115 62 62
hammer/hammer_0/0665_0232_0031_0223_0223.jpg 1 232 31 223 223
hammer/hammer_0/0666_0150_0156_0117_0117.jpg 1 150 156 117 117
hammer/hammer_0/0667_0177_0171_0037_0037.jpg 1 177 171 37 37
hammer/hammer_0/0668_0307_0248_0157_0157.jpg 1 307 248 157 157
hammer/hammer_0/0669_0454_0187_0061_0061.jpg 1 454 187 61 61
hammer/hammer_0/0670_0190_0163_0152_0152.jpg 1 190 163 152 152
hammer/hammer_0/0671_0309_0202_0100_0100.jpg 1 309 202 100 100
hammer/hammer_0/0672_0035_0053_0327_0327.jpg 1 35 53 327 327
hammer/hammer_0/0673_0388_0102_0120_0120.jpg 1 388 102 120 120
hammer/hammer_0/0674_0275_0114_0094_0094.jpg 1 275 114 94 94
hammer/hammer_0/0675_0191_0247_0151_0151.jpg 1 191 247 151 151
hammer/hammer_0/0676_0147_0029_0322_0322.jpg 1 147 29 322 322
hammer/hammer_0/0677_0113_0049_0028_0028.jpg 1 113 49 28 28
hammer/hammer_0/0678_0209_0260_0103_0103.jpg 1 209 260 103 103
hammer/hammer_0/0679_0313_0259_0068_0068.jpg 1 313 259 68 68
hammer/hammer_0/0680_0218_0149_0204_0204.jpg 1 218 149 204 204
hammer/hammer_0/0681_0131_0245_0135_0135.jpg 1 131 245 135 135
hammer/hammer_0/0682_0082_0228_0293_0293.jpg 1 82 228 293 293
hammer/hammer_0/0683_0165_0100_0272_0272.jpg 1 165 100 272 272
hammer/hammer_0/0684_0154_0266_0070_0070.jpg 1 154 266 70 70
hammer/hammer_0/0685_0233_0172_0243_0243.jpg 1 233 172 243 243
hammer/hammer_0/0686_0059_0208_0208_0208.jpg 1 59 208 208 208
hammer/hammer_0/0687_0079_0334_0141_0141.jpg 1 79 334 141 141
hammer/hammer_0/0688_0282_0319_0127_0127.jpg 1 282 319 127 127
hammer/hammer_0/0689_0178_0137_0236_0236.jpg 1 178 137 236 236
hammer/hammer_0/0690_0314_0233_0148_0148.jpg 1 314 233 148 148
hammer/hammer_0/0691_0275_0190_0216_0216.jpg 1 275 190 216 216
hammer/hammer_0/0692_0228_0060_0130_0130.jpg 1 228 60 130 130
hammer/hammer_0/0693_0183_0202_0131_0131.jpg 1 183 202 131 131
hammer/hammer_0/0694_0114_0045_0270_0270.jpg 1 114 45 270 270
hammer/hammer_0/0695_0177_0071_0099_0099.jpg 1 177 71 99 99
hammer/hammer_0/0696_0290_0070_0266_0266.jpg 1 290 70 266 266
hammer/hammer_0/0697_0168_0059_0163_0163.jpg 1 168 59 163 163
hammer/hammer_0/0698_0155_0069_0272_0272.jpg 1 155 69 272 272
hammer/hammer_0/0699_0087_0201_0305_0305.jpg 1 87 201 305 305
hammer/hammer_0/0700_0308_0227_0131_0131.jpg 1 308 227 131 131
hammer/hammer_0/0701_0058_0096_0300_0300.jpg 1 58 96 300 300
hammer/hammer_0/0702_0077_0286_0028_0028.jpg 1 77 286 28 28
hammer/hammer_0/0703_0055_0046_0241_0241.jpg 1 55 46 241 241
hammer/hammer_0/0704_0333_0097_0035_0035.jpg 1 333 97 35 35
hammer/hammer_0/0705_0215_0098_0202_0202.jpg 1 215 98 202 202
hammer/hammer_0/0706_0265_0151_0024_0024.jpg 1 265 151 24 24
hammer/hammer_0/0707_0198_0300_0029_0029.jpg 1 198 300 29 29
hammer/hammer_0/0708_0212_0022_0311_0311.jpg 1 212 22 311 311
hammer/hammer_0/0709_0051_0217_0134_0134.jpg 1 51 217 134 134
hammer/hammer_0/0710_0155_0208_0167_0167.jpg 1 155 208 167 167
hammer/hammer_0/0711_0106_0117_0330_0330.jpg 1 106 117 330 330
hammer/hammer_0/0712_0065_0182_0231_0231.jpg 1 65 182 231 231
hammer/hammer_0/0713_0276_0102_0252_0252.jpg 1 276 102 252 252
hammer/hammer_0/0714_0260_0037_0188_0188.jpg 1 260 37 188 188
hammer/hammer_0/0715_0296_0064_0188_0188.jpg 1 296 64 188 188
hammer/hammer_0/0716_0474_0214_0026_0026.jpg 1 474 214 26 26
hammer/hammer_0/0717_0268_0086_0282_0282.jpg 1 268 86 282 282
hammer/hammer_0/0718_0137_0299_0038_0038.jpg 1 137 299 38 38
hammer/hammer_0/0719_0335_0220_0150_0150.jpg 1 335 220 150 150
hammer/hammer_0/0720_0178_0087_0283_0283.jpg 1 178 87 283 283
hammer/hammer_0/0721_0238_0239_0115_0115.jpg 1 238 239 115 115
hammer/hammer_0/0722_0042_0102_0259_0259.jpg 1 42 102 259 259
hammer/hammer_0/0723_0273_0187_0037_0037.jpg 1 273 187 37 37
hammer/hammer_0/0724_0258_0202_0133_0133.jpg 1 258 202 133 133
hammer/hammer_0/0725_0073_0046_0310_0310.jpg 1 73 46 310 310
hammer/hammer_0/0726_0062_0217_0200_0200.jpg 1 62 217 200 200
hammer/hammer_0/0727_0321_0030_0193_0193.jpg 1 321 30 193 193
hammer/hammer_0/0728_0135_0071_0319_0319.jpg 1 135 71 319 319
hammer/hammer_0/0729_0190_0108_0137_0137.jpg 1 190 108 137 137
hammer/hammer_0/0730_0298_0089_0178_0178.jpg 1 298 89 178 178
hammer/hammer_0/0731_0145_0072_0292_0292.jpg 1 145 72 292 292
hammer/hammer_0/0732_0333_0205_0194_0194.jpg 1 333 205 194 194
hammer/hammer_0/0733_0247_0132_0297_0297.jpg 1 247 132 297 297
hammer/hammer_0/0734_0117_0279_0175_0175.jpg 1 117 279 175 175
hammer/hammer_0/0735_0226_0283_0040_0040.jpg 1 226 283 40 40
hammer/hammer_0/0736_0037_0122_0332_0332.jpg 1 37 122 332 332
hammer/hammer_0/0737_0066_0091_0275_0275.jpg 1 66 91 275 275
hammer/hammer_0/0738_0075_0160_0083_0083.jpg 1 75 160 83 83
hammer/hammer_0/0739_0432_0153_0050_0050.jpg 1 432 153 50 50
hammer/hammer_0/0740_0142_0196_0204_0204.jpg 1 142 196 204 204
hammer/hammer_0/0741_0298_0319_0064_0064.jpg 1 298 319 64 64
hammer/hammer_0/0742_0281_0340_0036_0036.jpg 1 281 340 36 36
hammer/hammer_0/0743_0156_0210_0162_0162.jpg 1 156 210 162 162
hammer/hammer_0/0744_0074_0088_0316_0316.jpg 1 74 88 316 316
hammer/hammer_0/0745_0272_0055_0097_0097.jpg 1 272 55 97 97
hammer/hammer_0/0746_0187_0194_0089_0089.jpg 1 187 194 89 89
hammer/hammer_0/0747_0223_0077_0320_0320.jpg 1 223 77 320 320
hammer/hammer_0/0748_0293_0204_0087_0087.jpg 1 293 204 87 87
hammer/hammer_0/0749_0135_0142_0276_0276.jpg 1 135 142 276 276
hammer/hammer_0/0750_0193_0116_0331_0331.jpg 1 193 116 331 331
hammer/hammer_0/0751_0152_0044_0255_0255.jpg 1 152 44 255 255
hammer/hammer_0/0752_0276_0446_0027_0027.jpg 1 276 446 27 27
hammer/hammer_0/0753_0353_0041_0101_0101.jpg 1 353 41 101 101
hammer/hammer_0/0754_0058_0129_0166_0166.jpg 1 58 129 166 166
hammer/hammer_0/0755_0099_0152_0308_0308.jpg 1 99 152 308 308
hammer/hammer_0/0756_0169_0184_0048_0048.jpg 1 169 184 48 48
hammer/hammer_0/0757_0284_0125_0253_0253.jpg 1 284 125 253 253
hammer/hammer_0/0758_0107_0115_0283_0283.jpg 1 107 115 283 283
hammer/hammer_0/0759_0250_0210_0204_0204.jpg 1 250 210 204 204
hammer/hammer_0/0760_0330_0262_0061_0061.jpg 1 330 262 61 61
hammer/hammer_0/0761_0190_0073_0066_0066.jpg 1 190 73 66 66
hammer/hammer_0/0762_0193_0016_0334_0334.jpg 1 193 16 334 334
hammer/hammer_0/0763_0161_0043_0209_0209.jpg 1 161 43 209 209
hammer/hammer_0/0764_0333_0152_0169_0169.jpg 1 333 152 169 169
hammer/hammer_0/0765_0281_0044_0171_0171.jpg 1 281 44 171 171
hammer/hammer_0/0766_0380_0155_0147_0147.jpg 1 380 155 147 147
hammer/hammer_0/0767_0240_0247_0068_0068.jpg 1 240 247 68 68
hammer/hammer_0/0768_0101_0068_0197_0197.jpg 1 101 68 197 197
hammer/hammer_0/0769_0184_0325_0118_0118.jpg 1 184 325 118 118
hammer/hammer_0/0770_0206_0274_0110_0110.jpg 1 206 274 110 110
hammer/hammer_0/0771_0404_0221_0053_0053.jpg 1 404 221 53 53
hammer/hammer_0/0772_0129_0224_0043_0043.jpg 1 129 224 43 43
hammer/hammer_0/0773_0251_0032_0325_0325.jpg 1 251 32 325 325
hammer/hammer_0/0774_0142_0034_0326_0326.jpg 1 142 34 326 326
hammer/hammer_0/0775_0279_0224_0127_0127.jpg 1 279 224 127 127
hammer/hammer_0/0776_0155_0305_0048_0048.jpg 1 155 305 48 48
hammer/hammer_0/0777_0305_0093_0193_0193.jpg 1 305 93 193 193
hammer/hammer_0/0778_0137_0080_0291_0291.jpg 1 137 80 291 291
hammer/hammer_0/0779_0040_0148_0259_0259.jpg 1 40 148 259 259
hammer/hammer_0/0780_0272_0069_0293_0293.jpg 1 272 69 293 293
hammer/hammer_0/0781_0297_0089_0245_0245.jpg 1 297 89 245 245
hammer/hammer_0/0782_0191_0230_0060_0060.jpg 1 191 230 60 60
hammer/hammer_0/0783_0213_0202_0093_0093.jpg 1 213 202 93 93
hammer/hammer_0/0784_0070_0108_0307_0307.jpg 1 70 108 307 307
hammer/hammer_0/0785_0444_0303_0055_0055.jpg 1 444 303 55 55
hammer/hammer_0/0786_0367_0327_0058_0058.jpg 1 367 327 58 58
hammer/hammer_0/0787_0265_0069_0290_0290.jpg 1 265 69 290 290
hammer/hammer_0/0788_0205_0132_0202_0202.jpg 1 205 132 202 202
hammer/hammer_0/0789_0399_0096_0083_0083.jpg 1 399 96 83 83
hammer/hammer_0/0790_0192_0052_0049_0049.jpg 1 192 52 49 49
hammer/hammer_0/0791_0120_0126_0195_0195.jpg 1 120 126 195 195
hammer/hammer_0/0792_0107_0161_0257_0257.jpg 1 107 161 257 257
hammer/hammer_0/0793_0198_0320_0156_0156.jpg 1 198 320 156 156
hammer/hammer_0/0794_0153_0410_0045_0045.jpg 1 153 410 45 45
hammer/hammer_0/0795_0102_0156_0256_0256.jpg 1 102 156 256 256
hammer/hammer_0/0796_0064_0034_0209_0209.jpg 1 64 34 209 209
hammer/hammer_0/0797_0181_0253_0070_0070.jpg 1 181 253 70 70
hammer/hammer_0/0798_0154_0108_0130_0130.jpg 1 154 108 130 130
hammer/hammer_0/0799_0046_0035_0230_0230.jpg 1 46 35 230 230
hammer/hammer_0/0800_0394_0232_0028_0028.jpg 1 394 232 28 28
hammer/hammer_0/0801_0125_0058_0309_0309.jpg 1 125 58 309 309
hammer/hammer_0/0802_0125_0059_0313_0313.jpg 1 125 59 313 313
hammer/hammer_0/0803_0081_0068_0309_0309.jpg 1 81 68 309 309
hammer/hammer_0/0804_0330_0092_0057_0057.jpg 1 330 92 57 57
hammer/hammer_0/0805_0078_0057_0300_0300.jpg 1 78 57 300 300
hammer/hammer_0/0806_0366_0159_0132_0132.jpg 1 366 159 132 132
hammer/hammer_0/0807_0234_0133_0029_0029.jpg 1 234 133 29 29
hammer/hammer_0/0808_0120_0166_0064_0064.jpg 1 120 166 64 64
hammer/hammer_0/0809_0146_0293_0040_0040.jpg 1 146 293 40 40
hammer/hammer_0/0810_0143_0062_0180_0180.jpg 1 143 62 180 180
hammer/hammer_0/0811_0082_0158_0201_0201.jpg 1 82 158 201 201
hammer/hammer_0/0812_0282_0101_0273_0273.jpg 1 282 101 273 273
hammer/hammer_0/0813_0190_0269_0123_0123.jpg 1 190 269 123 123
hammer/hammer_0/0814_0375_0108_0145_0145.jpg 1 375 108 145 145
hammer/hammer_0/0815_0155_0035_0243_0243.jpg 1 155 35 243 243
hammer/hammer_0/0816_0037_0038_0304_0304.jpg 1 37 38 304 304
hammer/hammer_0/0817_0168_0261_0135_0135.jpg 1 168 261 135 135
hammer/hammer_0/0818_0386_0155_0121_0121.jpg 1 386 155 121 121
hammer/hammer_0/0819_0170_0135_0152_0152.jpg 1 170 135 152 152
hammer/hammer_0/0820_0103_0290_0126_0126.jpg 1 103 290 126 126
hammer/hammer_0/0821_0095_0164_0113_0113.jpg 1 95 164 113 113
hammer/hammer_0/0822_0051_0105_0210_0210.jpg 1 51 105 210 210
hammer/hammer_0/0823_0243_0134_0300_0300.jpg 1 243 134 300 300
hammer/hammer_0/0824_0067_0065_0228_0228.jpg 1 67 65 228 228
hammer/hammer_0/0825_0315_0078_0225_0225.jpg 1 315 78 225 225
hammer/hammer_0/0826_0208_0277_0126_0126.jpg 1 208 277 126 126
hammer/hammer_0/0827_0135_0221_0178_0178.jpg 1 135 221 178 178
hammer/hammer_0/0828_0140_0100_0322_0322.jpg 1 140 100 322 322
hammer/hammer_0/0829_0042_0020_0283_0283.jpg 1 42 20 283 283
hammer/hammer_0/0830_0058_0241_0130_0130.jpg 1 58 241 130 130
hammer/hammer_0/0831_0180_0073_0174_0174.jpg 1 180 73 174 174
hammer/hammer_0/0832_0283_0094_0200_0200.jpg 1 283 94 200 200
hammer/hammer_0/0833_0215_0077_0039_0039.jpg 1 215 77 39 39
hammer/hammer_0/0834_0271_0293_0112_0112.jpg 1 271 293 112 112
hammer/hammer_0/0835_0246_0278_0081_0081.jpg 1 246 278 81 81
hammer/hammer_0/0836_0187_0061_0198_0198.jpg 1 187 61 198 198
hammer/hammer_0/0837_0070_0273_0135_0135.jpg 1 70 273 135 135
hammer/hammer_0/0838_0085_0154_0040_0040.jpg 1 85 154 40 40
hammer/hammer_0/0839_0231_0158_0243_0243.jpg 1 231 158 243 243
hammer/hammer_0/0840_0068_0205_0026_0026.jpg 1 68 205 26 26
hammer/hammer_0/0841_0317_0071_0132_0132.jpg 1 317 71 132 132
hammer/hammer_0/0842_0190_0115_0304_0304.jpg 1 190 115 304 304
hammer/hammer_0/0843_0177_0087_0098_0098.jpg 1 177 87 98 98
hammer/hammer_0/0844_0320_0058_0086_0086.jpg 1 320 58 86 86
hammer/hammer_0/0845_0205_0116_0229_0229.jpg 1 205 116 229 229
hammer/hammer_0/0846_0348_0039_0088_0088.jpg 1 348 39 88 88
hammer/hammer_0/0847_0205_0073_0226_0226.jpg 1 205 73 226 226
hammer/hammer_0/0848_0247_0252_0029_0029.jpg 1 247 252 29 29
hammer/hammer_0/0849_0078_0133_0105_0105.jpg 1 78 133 105 105
hammer/hammer_0/0850_0413_0332_0039_0039.jpg 1 413 332 39 39
hammer/hammer_0/0851_0169_0223_0256_0256.jpg 1 169 223 256 256
hammer/hammer_0/0852_0069_0201_0119_0119.jpg 1 69 201 119 119
hammer/hammer_0/0853_0189_0301_0083_0083.jpg 1 189 301 83 83
hammer/hammer_0/0854_0059_0040_0135_0135.jpg 1 59 40 135 135
hammer/hammer_0/0855_0185_0299_0197_0197.jpg 1 185 299 197 197
hammer/hammer_0/0856_0134_0169_0127_0127.jpg 1 134 169 127 127
hammer/hammer_0/0857_0117_0080_0240_0240.jpg 1 117 80 240 240
hammer/hammer_0/0858_0107_0255_0074_0074.jpg 1 107 255 74 74
hammer/hammer_0/0859_0155_0168_0256_0256.jpg 1 155 168 256 256
hammer/hammer_0/0860_0085_0123_0312_0312.jpg 1 85 123 312 312
hammer/hammer_0/0861_0053_0379_0033_0033.jpg 1 53 379 33 33
hammer/hammer_0/0862_0214_0077_0051_0051.jpg 1 214 77 51 51
hammer/hammer_0/0863_0085_0227_0238_0238.jpg 1 85 227 238 238
hammer/hammer_0/0864_0148_0106_0322_0322.jpg 1 148 106 322 322
hammer/hammer_0/0865_0335_0107_0200_0200.jpg 1 335 107 200 200
hammer/hammer_0/0866_0249_0108_0225_0225.jpg 1 249 108 225 225
hammer/hammer_0/0867_0159_0072_0145_0145.jpg 1 159 72 145 145
hammer/hammer_0/0868_0053_0069_0157_0157.jpg 1 53 69 157 157
hammer/hammer_0/0869_0132_0091_0083_0083.jpg 1 132 91 83 83
hammer/hammer_0/0870_0284_0031_0238_0238.jpg 1 284 31 238 238
hammer/hammer_0/0871_0118_0096_0133_0133.jpg 1 118 96 133 133
hammer/hammer_0/0872_0338_0162_0187_0187.jpg 1 338 162 187 187
hammer/hammer_0/0873_0388_0148_0042_0042.jpg 1 388 148 42 42
hammer/hammer_0/0874_0133_0143_0214_0214.jpg 1 133 143 214 214
hammer/hammer_0/0875_0351_0105_0065_0065.jpg 1 351 105 65 65
hammer/hammer_0/0876_0138_0066_0131_0131.jpg 1 138 66 131 131
hammer/hammer_0/0877_0254_0082_0237_0237.jpg 1 254 82 237 237
hammer/hammer_0/0878_0236_0176_0167_0167.jpg 1 236 176 167 167
hammer/hammer_0/0879_0222_0141_0199_0199.jpg 1 222 141 199 199
hammer/hammer_0/0880_0153_0029_0331_0331.jpg 1 153 29 331 331
hammer/hammer_0/0881_0170_0036_0309_0309.jpg 1 170 36 309 309
hammer/hammer_0/0882_0120_0196_0225_0225.jpg 1 120 196 225 225
hammer/hammer_0/0883_0141_0156_0284_0284.jpg 1 141 156 284 284
hammer/hammer_0/0884_0057_0174_0242_0242.jpg 1 57 174 242 242
hammer/hammer_0/0885_0110_0059_0066_0066.jpg 1 110 59 66 66
hammer/hammer_0/0886_0079_0087_0309_0309.jpg 1 79 87 309 309
hammer/hammer_0/0887_0069_0085_0328_0328.jpg 1 69 85 328 328
hammer/hammer_0/0888_0098_0059_0287_0287.jpg 1 98 59 287 287
hammer/hammer_0/0889_0057_0030_0293_0293.jpg 1 57 30 293 293
hammer/hammer_0/0890_0332_0248_0133_0133.jpg 1 332 248 133 133
hammer/hammer_0/0891_0216_0339_0050_0050.jpg 1 216 339 50 50
hammer/hammer_0/0892_0370_0109_0166_0166.jpg 1 370 109 166 166
hammer/hammer_0/0893_0084_0358_0071_0071.jpg 1 84 358 71 71
hammer/hammer_0/0894_0153_0110_0287_0287.jpg 1 153 110 287 287
hammer/hammer_0/0895_0296_0268_0025_0025.jpg 1 296 268 25 25
hammer/hammer_0/0896_0323_0301_0102_0102.jpg 1 323 301 102 102
hammer/hammer_0/0897_0217_0140_0247_0247.jpg 1 217 140 247 247
hammer/hammer_0/0898_0036_0073_0313_0313.jpg 1 36 73 313 313
hammer/hammer_0/0899_0069_0044_0290_0290.jpg 1 69 44 290 290
hammer/hammer_0/0900_0169_0172_0044_0044.jpg 1 169 172 44 44
hammer/hammer_0/0901_0035_0126_0315_0315.jpg 1 35 126 315 315
hammer/hammer_0/0902_0253_0074_0161_0161.jpg 1 253 74 161 161
hammer/hammer_0/0903_0202_0208_0055_0055.jpg 1 202 208 55 55
hammer/hammer_0/0904_0243_0186_0211_0211.jpg 1 243 186 211 211
hammer/hammer_0/0905_0141_0148_0264_0264.jpg 1 141 148 264 264
hammer/hammer_0/0906_0254_0165_0034_0034.jpg 1 254 165 34 34
hammer/hammer_0/0907_0326_0144_0051_0051.jpg 1 326 144 51 51
hammer/hammer_0/0908_0090_0348_0035_0035.jpg 1 90 348 35 35
hammer/hammer_0/0909_0259_0152_0045_0045.jpg 1 259 152 45 45
hammer/hammer_0/0910_0114_0139_0249_0249.jpg 1 114 139 249 249
hammer/hammer_0/0911_0089_0097_0257_0257.jpg 1 89 97 257 257
hammer/hammer_0/0912_0206_0152_0076_0076.jpg 1 206 152 76 76
hammer/hammer_0/0913_0088_0158_0148_0148.jpg 1 88 158 148 148
hammer/hammer_0/0914_0185_0204_0138_0138.jpg 1 185 204 138 138
hammer/hammer_0/0915_0202_0035_0284_0284.jpg 1 202 35 284 284
hammer/hammer_0/0916_0113_0215_0024_0024.jpg 1 113 215 24 24
hammer/hammer_0/0917_0212_0216_0125_0125.jpg 1 212 216 125 125
hammer/hammer_0/0918_0364_0191_0118_0118.jpg 1 364 191 118 118
hammer/hammer_0/0919_0269_0211_0140_0140.jpg 1 269 211 140 140
hammer/hammer_0/0920_0291_0214_0063_0063.jpg 1 291 214 63 63
hammer/hammer_0/0921_0099_0046_0153_0153.jpg 1 99 46 153 153
hammer/hammer_0/0922_0314_0045_0034_0034.jpg 1 314 45 34 34
hammer/hammer_0/0923_0220_0128_0283_0283.jpg 1 220 128 283 283
hammer/hammer_0/0924_0181_0185_0246_0246.jpg 1 181 185 246 246
hammer/hammer_0/0925_0034_0270_0252_0252.jpg 1 34 270 252 252
hammer/hammer_0/0926_0107_0195_0205_0205.jpg 1 107 195 205 205
hammer/hammer_0/0927_0227_0048_0241_0241.jpg 1 227 48 241 241
hammer/hammer_0/0928_0220_0249_0098_0098.jpg 1 220 249 98 98
hammer/hammer_0/0929_0105_0293_0170_0170.jpg 1 105 293 170 170
hammer/hammer_0/0930_0392_0135_0112_0112.jpg 1 392 135 112 112
hammer/hammer_0/0931_0123_0169_0227_0227.jpg 1 123 169 227 227
hammer/hammer_0/0932_0343_0251_0052_0052.jpg 1 343 251 52 52
hammer/hammer_0/0933_0124_0104_0058_0058.jpg 1 124 104 58 58
hammer/hammer_0/0934_0336_0057_0113_0113.jpg 1 336 57 113 113
hammer/hammer_0/0935_0345_0188_0169_0169.jpg 1 345 188 169 169
hammer/hammer_0/0936_0261_0098_0235_0235.jpg 1 261 98 235 235
hammer/hammer_0/0937_0242_0078_0064_0064.jpg 1 242 78 64 64
hammer/hammer_0/0938_0187_0302_0131_0131.jpg 1 187 302 131 131
hammer/hammer_0/0939_0332_0178_0139_0139.jpg 1 332 178 139 139
hammer/hammer_0/0940_0111_0188_0306_0306.jpg 1 111 188 306 306
hammer/hammer_0/0941_0209_0175_0036_0036.jpg 1 209 175 36 36
hammer/hammer_0/0942_0047_0294_0197_0197.jpg 1 47 294 197 197
hammer/hammer_0/0943_0046_0295_0069_0069.jpg 1 46 295 69 69
hammer/hammer_0/0944_0307_0312_0072_0072.jpg 1 307 312 72 72
hammer/hammer_0/0945_0321_0195_0193_0193.jpg 1 321 195 193 193
hammer/hammer_0/0946_0057_0045_0280_0280.jpg 1 57 45 280 280
hammer/hammer_0/0947_0046_0056_0306_0306.jpg 1 46 56 306 306
hammer/hammer_0/0948_0390_0167_0118_0118.jpg 1 390 167 118 118
hammer/hammer_0/0949_0431_0182_0050_0050.jpg 1 431 182 50 50
hammer/hammer_0/0950_0087_0109_0255_0255.jpg 1 87 109 255 255
hammer/hammer_0/0951_0126_0159_0262_0262.jpg 1 126 159 262 262
hammer/hammer_0/0952_0229_0073_0270_0270.jpg 1 229 73 270 270
hammer/hammer_0/0953_0171_0181_0161_0161.jpg 1 171 181 161 161
hammer/hammer_0/0954_0420_0263_0039_0039.jpg 1 420 263 39 39
hammer/hammer_0/0955_0111_0338_0206_0206.jpg 1 111 338 206 206
hammer/hammer_0/0956_0052_0244_0144_0144.jpg 1 52 244 144 144
hammer/hammer_0/0957_0324_0061_0225_0225.jpg 1 324 61 225 225
hammer/hammer_0/0958_0337_0049_0066_0066.jpg 1 337 49 66 66
hammer/hammer_0/0959_0396_0268_0089_0089.jpg 1 396 268 89 89
hammer/hammer_0/0960_0158_0087_0321_0321.jpg 1 158 87 321 321
hammer/hammer_0/0961_0182_0162_0084_0084.jpg 1 182 162 84 84
hammer/hammer_0/0962_0051_0442_0085_0085.jpg 1 51 442 85 85
hammer/hammer_0/0963_0073_0033_0284_0284.jpg 1 73 33 284 284
hammer/hammer_0/0964_0059_0206_0190_0190.jpg 1 59 206 190 190
hammer/hammer_0/0965_0345_0191_0123_0123.jpg 1 345 191 123 123
hammer/hammer_0/0966_0264_0065_0232_0232.jpg 1 264 65 232 232
hammer/hammer_0/0967_0214_0281_0100_0100.jpg 1 214 281 100 100
hammer/hammer_0/0968_0158_0314_0067_0067.jpg 1 158 314 67 67
hammer/hammer_0/0969_0110_0328_0064_0064.jpg 1 110 328 64 64
hammer/hammer_0/0970_0189_0232_0059_0059.jpg 1 189 232 59 59
hammer/hammer_0/0971_0035_0083_0288_0288.jpg 1 35 83 288 288
hammer/hammer_0/0972_0170_0037_0323_0323.jpg 1 170 37 323 323
hammer/hammer_0/0973_0146_0098_0176_0176.jpg 1 146 98 176 176
hammer/hammer_0/0974_0207_0170_0110_0110.jpg 1 207 170 110 110
hammer/hammer_0/0975_0129_0329_0060_0060.jpg 1 129 329 60 60
hammer/hammer_0/0976_0174_0094_0329_0329.jpg 1 174 94 329 329
hammer/hammer_0/0977_0095_0035_0305_0305.jpg 1 95 35 305 305
hammer/hammer_0/0978_0301_0186_0213_0213.jpg 1 301 186 213 213
hammer/hammer_0/0979_0072_0016_0322_0322.jpg 1 72 16 322 322
hammer/hammer_0/0980_0087_0128_0044_0044.jpg 1 87 128 44 44
hammer/hammer_0/0981_0037_0129_0317_0317.jpg 1 37 129 317 317
hammer/hammer_0/0982_0376_0342_0035_0035.jpg 1 376 342 35 35
hammer/hammer_0/0983_0278_0147_0166_0166.jpg 1 278 147 166 166
hammer/hammer_0/0984_0052_0053_0294_0294.jpg 1 52 53 294 294
hammer/hammer_0/0985_0173_0138_0258_0258.jpg 1 173 138 258 258
hammer/hammer_0/0986_0289_0071_0244_0244.jpg 1 289 71 244 244
hammer/hammer_0/0987_0203_0042_0322_0322.jpg 1 203 42 322 322
hammer/hammer_0/0988_0244_0173_0034_0034.jpg 1 244 173 34 34
hammer/hammer_0/0989_0170_0054_0320_0320.jpg 1 170 54 320 320
hammer/hammer_0/0990_0124_0295_0049_0049.jpg 1 124 295 49 49
hammer/hammer_0/0991_0283_0140_0241_0241.jpg 1 283 140 241 241
hammer/hammer_0/0992_0218_0262_0101_0101.jpg 1 218 262 101 101
hammer/hammer_0/0993_0224_0124_0293_0293.jpg 1 224 124 293 293
hammer/hammer_0/0994_0390_0214_0093_0093.jpg 1 390 214 93 93
hammer/hammer_0/0995_0071_0019_0302_0302.jpg 1 71 19 302 302
hammer/hammer_0/0996_0260_0157_0103_0103.jpg 1 260 157 103 103
hammer/hammer_0/0997_0242_0228_0067_0067.jpg 1 242 228 67 67
hammer/hammer_0/0998_0155_0215_0188_0188.jpg 1 155 215 188 188
hammer/hammer_0/0999_0068_0123_0160_0160.jpg 1 68 123 160 160
hammer/hammer_0/1000_0229_0076_0250_0250.jpg 1 229 76 250 250
hammer/hammer_0/1001_0262_0197_0085_0085.jpg 1 262 197 85 85
hammer/hammer_0/1002_0135_0061_0253_0253.jpg 1 135 61 253 253
hammer/hammer_0/1003_0134_0120_0253_0253.jpg 1 134 120 253 253
hammer/hammer_0/1004_0396_0044_0069_0069.jpg 1 396 44 69 69
hammer/hammer_0/1005_0186_0153_0207_0207.jpg 1 186 153 207 207
hammer/hammer_0/1006_0243_0080_0271_0271.jpg 1 243 80 271 271
hammer/hammer_0/1007_0207_0125_0260_0260.jpg 1 207 125 260 260
hammer/hammer_0/1008_0060_0079_0168_0168.jpg 1 60 79 168 168
hammer/hammer_0/1009_0397_0044_0079_0079.jpg 1 397 44 79 79
hammer/hammer_0/1010_0355_0091_0168_0168.jpg 1 355 91 168 168
hammer/hammer_0/1011_0135_0134_0266_0266.jpg 1 135 134 266 266
hammer/hammer_0/1012_0341_0054_0204_0204.jpg 1 341 54 204 204
hammer/hammer_0/1013_0208_0279_0051_0051.jpg 1 208 279 51 51
hammer/hammer_0/1014_0153_0144_0276_0276.jpg 1 153 144 276 276
hammer/hammer_0/1015_0048_0138_0024_0024.jpg 1 48 138 24 24
hammer/hammer_0/1016_0187_0102_0270_0270.jpg 1 187 102 270 270
hammer/hammer_0/1017_0200_0210_0060_0060.jpg 1 200 210 60 60
hammer/hammer_0/1018_0259_0169_0180_0180.jpg 1 259 169 180 180
hammer/hammer_0/1019_0092_0156_0196_0196.jpg 1 92 156 196 196
hammer/hammer_0/1020_0088_0122_0200_0200.jpg 1 88 122 200 200
hammer/hammer_0/1021_0255_0195_0054_0054.jpg 1 255 195 54 54
hammer/hammer_0/1022_0216_0074_0312_0312.jpg 1 216 74 312 312
hammer/hammer_0/1023_0064_0111_0240_0240.jpg 1 64 111 240 240
hammer/hammer_0/1024_0317_0111_0055_0055.jpg 1 317 111 55 55
hammer/hammer_0/1025_0209_0418_0086_0086.jpg 1 209 418 86 86
hammer/hammer_0/1026_0158_0064_0184_0184.jpg 1 158 64 184 184
hammer/hammer_0/1027_0168_0109_0160_0160.jpg 1 168 109 160 160
hammer/hammer_0/1028_0125_0269_0297_0297.jpg 1 125 269 297 297
hammer/hammer_0/1029_0245_0255_0118_0118.jpg 1 245 255 118 118
hammer/hammer_0/1030_0118_0010_0321_0321.jpg 1 118 10 321 321
hammer/hammer_0/1031_0467_0191_0053_0053.jpg 1 467 191 53 53
hammer/hammer_0/1032_0138_0088_0280_0280.jpg 1 138 88 280 280
hammer/hammer_0/1033_0271_0171_0153_0153.jpg 1 271 171 153 153
hammer/hammer_0/1034_0458_0177_0049_0049.jpg 1 458 177 49 49
hammer/hammer_0/1035_0131_0020_0331_0331.jpg 1 131 20 331 331
hammer/hammer_0/1036_0082_0118_0330_0330.jpg 1 82 118 330 330
hammer/hammer_0/1037_0333_0056_0087_0087.jpg 1 333 56 87 87
hammer/hammer_0/1038_0172_0031_0207_0207.jpg 1 172 31 207 207
hammer/hammer_0/1039_0116_0302_0060_0060.jpg 1 116 302 60 60
hammer/hammer_0/1040_0198_0256_0159_0159.jpg 1 198 256 159 159
hammer/hammer_0/1041_0278_0198_0208_0208.jpg 1 278 198 208 208
hammer/hammer_0/1042_0128_0131_0066_0066.jpg 1 128 131 66 66
hammer/hammer_0/1043_0080_0251_0077_0077.jpg 1 80 251 77 77
hammer/hammer_0/1044_0186_0060_0231_0231.jpg 1 186 60 231 231
hammer/hammer_0/1045_0200_0062_0199_0199.jpg 1 200 62 199 199
hammer/hammer_0/1046_0091_0217_0198_0198.jpg 1 91 217 198 198
hammer/hammer_0/1047_0089_0362_0142_0142.jpg 1 89 362 142 142
hammer/hammer_0/1048_0155_0185_0250_0250.jpg 1 155 185 250 250
hammer/hammer_0/1049_0190_0037_0278_0278.jpg 1 190 37 278 278
hammer/hammer_0/1050_0358_0051_0171_0171.jpg 1 358 51 171 171
hammer/hammer_0/1051_0245_0042_0333_0333.jpg 1 245 42 333 333
hammer/hammer_0/1052_0433_0232_0062_0062.jpg 1 433 232 62 62
hammer/hammer_0/1053_0285_0062_0105_0105.jpg 1 285 62 105 105
hammer/hammer_0/1054_0177_0086_0037_0037.jpg 1 177 86 37 37
hammer/hammer_0/1055_0322_0270_0110_0110.jpg 1 322 270 110 110
hammer/hammer_0/1056_0420_0131_0089_0089.jpg 1 420 131 89 89
hammer/hammer_0/1057_0363_0035_0171_0171.jpg 1 363 35 171 171
hammer/hammer_0/1058_0158_0075_0234_0234.jpg 1 158 75 234 234
hammer/hammer_0/1059_0235_0180_0225_0225.jpg 1 235 180 225 225
hammer/hammer_0/1060_0111_0139_0071_0071.jpg 1 111 139 71 71
hammer/hammer_0/1061_0096_0032_0273_0273.jpg 1 96 32 273 273
hammer/hammer_0/1062_0160_0020_0275_0275.jpg 1 160 20 275 275
hammer/hammer_0/1063_0343_0215_0082_0082.jpg 1 343 215 82 82
hammer/hammer_0/1064_0141_0236_0150_0150.jpg 1 141 236 150 150
hammer/hammer_0/1065_0081_0204_0064_0064.jpg 1 81 204 64 64
hammer/hammer_0/1066_0315_0206_0057_0057.jpg 1 315 206 57 57
hammer/hammer_0/1067_0125_0271_0127_0127.jpg 1 125 271 127 127
hammer/hammer_0/1068_0405_0105_0110_0110.jpg 1 405 105 110 110
hammer/hammer_0/1069_0123_0172_0223_0223.jpg 1 123 172 223 223
hammer/hammer_0/1070_0162_0245_0233_0233.jpg 1 162 245 233 233
hammer/hammer_0/1071_0179_0091_0278_0278.jpg 1 179 91 278 278
hammer/hammer_0/1072_0294_0264_0149_0149.jpg 1 294 264 149 149
hammer/hammer_0/1073_0306_0224_0199_0199.jpg 1 306 224 199 199
hammer/hammer_0/1074_0185_0023_0315_0315.jpg 1 185 23 315 315
hammer/hammer_0/1075_0234_0290_0182_0182.jpg 1 234 290 182 182
hammer/hammer_0/1076_0128_0044_0205_0205.jpg 1 128 44 205 205
hammer/hammer_0/1077_0252_0048_0285_0285.jpg 1 252 48 285 285
hammer/hammer_0/1078_0426_0216_0045_0045.jpg 1 426 216 45 45
hammer/hammer_0/1079_0088_0095_0259_0259.jpg 1 88 95 259 259
hammer/hammer_0/1080_0191_0048_0286_0286.jpg 1 191 48 286 286
hammer/hammer_0/1081_0059_0124_0286_0286.jpg 1 59 124 286 286
hammer/hammer_0/1082_0438_0209_0025_0025.jpg 1 438 209 25 25
hammer/hammer_0/1083_0289_0228_0194_0194.jpg 1 289 228 194 194
hammer/hammer_0/1084_0124_0123_0152_0152.jpg 1 124 123 152 152
hammer/hammer_0/1085_0048_0035_0284_0284.jpg 1 48 35 284 284
hammer/hammer_0/1086_0283_0042_0260_0260.jpg 1 283 42 260 260
hammer/hammer_0/1087_0253_0077_0304_0304.jpg 1 253 77 304 304
hammer/hammer_0/1088_0167_0140_0202_0202.jpg 1 167 140 202 202
hammer/hammer_0/1089_0056_0133_0228_0228.jpg 1 56 133 228 228
hammer/hammer_0/1090_0080_0295_0056_0056.jpg 1 80 295 56 56
hammer/hammer_0/1091_0086_0139_0288_0288.jpg 1 86 139 288 288
hammer/hammer_0/1092_0275_0196_0125_0125.jpg 1 275 196 125 125
hammer/hammer_0/1093_0241_0475_0024_0024.jpg 1 241 475 24 24
hammer/hammer_0/1094_0079_0242_0085_0085.jpg 1 79 242 85 85
hammer/hammer_0/1095_0159_0076_0132_0132.jpg 1 159 76 132 132
hammer/hammer_0/1096_0099_0169_0219_0219.jpg 1 99 169 219 219
hammer/hammer_0/1097_0110_0256_0284_0284.jpg 1 110 256 284 284
hammer/hammer_0/1098_0337_0154_0165_0165.jpg 1 337 154 165 165
hammer/hammer_0/1099_0270_0157_0216_0216.jpg 1 270 157 216 216
hammer/hammer_0/1100_0110_0198_0076_0076.jpg 1 110 198 76 76
hammer/hammer_0/1101_0067_0243_0102_0102.jpg 1 67 243 102 102
hammer/hammer_0/1102_0033_0108_0304_0304.jpg 1 33 108 304 304
hammer/hammer_0/1103_0072_0179_0140_0140.jpg 1 72 179 140 140
hammer/hammer_0/1104_0076_0085_0308_0308.jpg 1 76 85 308 308
hammer/hammer_0/1105_0151_0099_0250_0250.jpg 1 151 99 250 250
hammer/hammer_0/1106_0332_0094_0163_0163.jpg 1 332 94 163 163
hammer/hammer_0/1107_0216_0108_0218_0218.jpg 1 216 108 218 218
hammer/hammer_0/1108_0143_0255_0139_0139.jpg 1 143 255 139 139
hammer/hammer_0/1109_0204_0032_0262_0262.jpg 1 204 32 262 262
hammer/hammer_0/1110_0127_0308_0032_0032.jpg 1 127 308 32 32
hammer/hammer_0/1111_0218_0069_0176_0176.jpg 1 218 69 176 176
hammer/hammer_0/1112_0172_0132_0129_0129.jpg 1 172 132 129 129
hammer/hammer_0/1113_0276_0091_0200_0200.jpg 1 276 91 200 200
hammer/hammer_0/1114_0226_0222_0169_0169.jpg 1 226 222 169 169
hammer/hammer_0/1115_0168_0028_0257_0257.jpg 1 168 28 257 257
hammer/hammer_0/1116_0178_0298_0149_0149.jpg 1 178 298 149 149
hammer/hammer_0/1117_0314_0205_0185_0185.jpg 1 314 205 185 185
hammer/hammer_0/1118_0064_0130_0227_0227.jpg 1 64 130 227 227
hammer/hammer_0/1119_0251_0092_0196_0196.jpg 1 251 92 196 196
hammer/hammer_0/1120_0116_0173_0243_0243.jpg 1 116 173 243 243
hammer/hammer_0/1121_0230_0066_0289_0289.jpg 1 230 66 289 289
hammer/hammer_0/1122_0090_0054_0214_0214.jpg 1 90 54 214 214
hammer/hammer_0/1123_0048_0141_0295_0295.jpg 1 48 141 295 295
hammer/hammer_0/1124_0101_0081_0332_0332.jpg 1 101 81 332 332
hammer/hammer_0/1125_0054_0072_0319_0319.jpg 1 54 72 319 319
hammer/hammer_0/1126_0414_0251_0110_0110.jpg 1 414 251 110 110
hammer/hammer_0/1127_0054_0200_0149_0149.jpg 1 54 200 149 149
hammer/hammer_0/1128_0228_0029_0321_0321.jpg 1 228 29 321 321
hammer/hammer_0/1129_0104_0153_0072_0072.jpg 1 104 153 72 72
hammer/hammer_0/1130_0114_0228_0154_0154.jpg 1 114 228 154 154
hammer/hammer_0/1131_0056_0122_0263_0263.jpg 1 56 122 263 263
hammer/hammer_0/1132_0307_0153_0139_0139.jpg 1 307 153 139 139
hammer/hammer_0/1133_0110_0103_0143_0143.jpg 1 110 103 143 143
hammer/hammer_0/1134_0263_0044_0120_0120.jpg 1 263 44 120 120
hammer/hammer_0/1135_0145_0050_0286_0286.jpg 1 145 50 286 286
hammer/hammer_0/1136_0388_0162_0138_0138.jpg 1 388 162 138 138
hammer/hammer_0/1137_0079_0118_0088_0088.jpg 1 79 118 88 88
hammer/hammer_0/1138_0051_0042_0289_0289.jpg 1 51 42 289 289
hammer/hammer_0/1139_0255_0183_0034_0034.jpg 1 255 183 34 34
hammer/hammer_0/1140_0280_0168_0241_0241.jpg 1 280 168 241 241
hammer/hammer_0/1141_0283_0275_0067_0067.jpg 1 283 275 67 67
hammer/hammer_0/1142_0190_0151_0047_0047.jpg 1 190 151 47 47
hammer/hammer_0/1143_0099_0031_0222_0222.jpg 1 99 31 222 222
hammer/hammer_0/1144_0422_0266_0061_0061.jpg 1 422 266 61 61
hammer/hammer_0/1145_0325_0260_0080_0080.jpg 1 325 260 80 80
hammer/hammer_0/1146_0415_0256_0110_0110.jpg 1 415 256 110 110
hammer/hammer_0/1147_0247_0272_0135_0135.jpg 1 247 272 135 135
hammer/hammer_0/1148_0393_0123_0042_0042.jpg 1 393 123 42 42
hammer/hammer_0/1149_0236_0052_0281_0281.jpg 1 236 52 281 281
hammer/hammer_0/1150_0176_0104_0285_0285.jpg 1 176 104 285 285
hammer/hammer_0/1151_0237_0079_0284_0284.jpg 1 237 79 284 284
hammer/hammer_0/1152_0107_0049_0296_0296.jpg 1 107 49 296 296
hammer/hammer_0/1153_0156_0167_0082_0082.jpg 1 156 167 82 82
hammer/hammer_0/1154_0087_0030_0231_0231.jpg 1 87 30 231 231
hammer/hammer_0/1155_0041_0146_0288_0288.jpg 1 41 146 288 288
hammer/hammer_0/1156_0179_0260_0187_0187.jpg 1 179 260 187 187
hammer/hammer_0/1157_0053_0334_0180_0180.jpg 1 53 334 180 180
hammer/hammer_0/1158_0099_0335_0110_0110.jpg 1 99 335 110 110
hammer/hammer_0/1159_0137_0151_0227_0227.jpg 1 137 151 227 227
hammer/hammer_0/1160_0103_0416_0103_0103.jpg 1 103 416 103 103
hammer/hammer_0/1161_0196_0172_0104_0104.jpg 1 196 172 104 104
hammer/hammer_0/1162_0437_0219_0044_0044.jpg 1 437 219 44 44
hammer/hammer_0/1163_0186_0054_0327_0327.jpg 1 186 54 327 327
hammer/hammer_0/1164_0157_0071_0074_0074.jpg 1 157 71 74 74
hammer/hammer_0/1165_0137_0091_0201_0201.jpg 1 137 91 201 201
hammer/hammer_0/1166_0047_0118_0303_0303.jpg 1 47 118 303 303
hammer/hammer_0/1167_0239_0141_0176_0176.jpg 1 239 141 176 176
hammer/hammer_0/1168_0200_0140_0167_0167.jpg 1 200 140 167 167
hammer/hammer_0/1169_0359_0110_0034_0034.jpg 1 359 110 34 34
hammer/hammer_0/1170_0315_0178_0192_0192.jpg 1 315 178 192 192
hammer/hammer_0/1171_0039_0069_0276_0276.jpg 1 39 69 276 276
hammer/hammer_0/1172_0074_0122_0237_0237.jpg 1 74 122 237 237
hammer/hammer_0/1173_0217_0074_0125_0125.jpg 1 217 74 125 125
hammer/hammer_0/1174_0165_0028_0221_0221.jpg 1 165 28 221 221
hammer/hammer_0/1175_0210_0036_0225_0225.jpg 1 210 36 225 225
hammer/hammer_0/1176_0275_0077_0262_0262.jpg 1 275 77 262 262
hammer/hammer_0/1177_0049_0092_0297_0297.jpg 1 49 92 297 297
hammer/hammer_0/1178_0250_0194_0133_0133.jpg 1 250 194 133 133
hammer/hammer_0/1179_0066_0268_0113_0113.jpg 1 66 268 113 113
hammer/hammer_0/1180_0365_0195_0024_0024.jpg 1 365 195 24 24
hammer/hammer_0/1181_0394_0290_0111_0111.jpg 1 394 290 111 111
hammer/hammer_0/1182_0062_0113_0203_0203.jpg 1 62 113 203 203
hammer/hammer_0/1183_0230_0320_0038_0038.jpg 1 230 320 38 38
hammer/hammer_0/1184_0094_0273_0069_0069.jpg 1 94 273 69 69
hammer/hammer_0/1185_0100_0109_0296_0296.jpg 1 100 109 296 296
hammer/hammer_0/1186_0157_0269_0134_0134.jpg 1 157 269 134 134
hammer/hammer_0/1187_0059_0046_0070_0070.jpg 1 59 46 70 70
hammer/hammer_0/1188_0298_0227_0068_0068.jpg 1 298 227 68 68
hammer/hammer_0/1189_0189_0132_0291_0291.jpg 1 189 132 291 291
hammer/hammer_0/1190_0402_0248_0030_0030.jpg 1 402 248 30 30
hammer/hammer_0/1191_0265_0421_0046_0046.jpg 1 265 421 46 46
hammer/hammer_0/1192_0127_0210_0030_0030.jpg 1 127 210 30 30
hammer/hammer_0/1193_0143_0215_0024_0024.jpg 1 143 215 24 24
hammer/hammer_0/1194_0373_0108_0124_0124.jpg 1 373 108 124 124
hammer/hammer_0/1195_0398_0259_0093_0093.jpg 1 398 259 93 93
hammer/hammer_0/1196_0032_0079_0207_0207.jpg 1 32 79 207 207
hammer/hammer_0/1197_0078_0157_0178_0178.jpg 1 78 157 178 178
hammer/hammer_0/1198_0081_0069_0250_0250.jpg 1 81 69 250 250
hammer/hammer_0/1199_0129_0096_0119_0119.jpg 1 129 96 119 119
hammer/hammer_0/1200_0286_0184_0052_0052.jpg 1 286 184 52 52
hammer/hammer_0/1201_0179_0083_0109_0109.jpg 1 179 83 109 109
hammer/hammer_0/1202_0404_0282_0052_0052.jpg 1 404 282 52 52
hammer/hammer_0/1203_0089_0115_0281_0281.jpg 1 89 115 281 281
hammer/hammer_0/1204_0133_0143_0170_0170.jpg 1 133 143 170 170
hammer/hammer_0/1205_0198_0280_0062_0062.jpg 1 198 280 62 62
hammer/hammer_0/1206_0241_0042_0104_0104.jpg 1 241 42 104 104
hammer/hammer_0/1207_0234_0124_0250_0250.jpg 1 234 124 250 250
hammer/hammer_0/1208_0117_0071_0161_0161.jpg 1 117 71 161 161
hammer/hammer_0/1209_0267_0208_0211_0211.jpg 1 267 208 211 211
hammer/hammer_0/1210_0084_0122_0221_0221.jpg 1 84 122 221 221
hammer/hammer_0/1211_0246_0251_0064_0064.jpg 1 246 251 64 64
hammer/hammer_0/1212_0193_0270_0055_0055.jpg 1 193 270 55 55
hammer/hammer_0/1213_0134_0298_0232_0232.jpg 1 134 298 232 232
hammer/hammer_0/1214_0375_0081_0116_0116.jpg 1 375 81 116 116
hammer/hammer_0/1215_0053_0105_0202_0202.jpg 1 53 105 202 202
hammer/hammer_0/1216_0367_0232_0175_0175.jpg 1 367 232 175 175
hammer/hammer_0/1217_0107_0167_0160_0160.jpg 1 107 167 160 160
hammer/hammer_0/1218_0092_0070_0036_0036.jpg 1 92 70 36 36
hammer/hammer_0/1219_0103_0052_0189_0189.jpg 1 103 52 189 189
hammer/hammer_0/1220_0139_0070_0103_0103.jpg 1 139 70 103 103
hammer/hammer_0/1221_0133_0262_0093_0093.jpg 1 133 262 93 93
hammer/hammer_0/1222_0378_0189_0059_0059.jpg 1 378 189 59 59
hammer/hammer_0/1223_0124_0037_0312_0312.jpg 1 124 37 312 312
hammer/hammer_0/1224_0323_0249_0093_0093.jpg 1 323 249 93 93
hammer/hammer_0/1225_0316_0230_0091_0091.jpg 1 316 230 91 91
hammer/hammer_0/1226_0106_0222_0177_0177.jpg 1 106 222 177 177
hammer/hammer_0/1227_0267_0145_0124_0124.jpg 1 267 145 124 124
hammer/hammer_0/1228_0231_0025_0274_0274.jpg 1 231 25 274 274
hammer/hammer_0/1229_0058_0168_0100_0100.jpg 1 58 168 100 100
hammer/hammer_0/1230_0048_0030_0278_0278.jpg 1 48 30 278 278
hammer/hammer_0/1231_0072_0073_0204_0204.jpg 1 72 73 204 204
hammer/hammer_0/1232_0226_0302_0155_0155.jpg 1 226 302 155 155
hammer/hammer_0/1233_0125_0159_0039_0039.jpg 1 125 159 39 39
hammer/hammer_0/1234_0079_0077_0173_0173.jpg 1 79 77 173 173
hammer/hammer_0/1235_0099_0094_0231_0231.jpg 1 99 94 231 231
hammer/hammer_0/1236_0463_0173_0049_0049.jpg 1 463 173 49 49
hammer/hammer_0/1237_0110_0191_0162_0162.jpg 1 110 191 162 162
hammer/hammer_0/1238_0099_0080_0090_0090.jpg 1 99 80 90 90
hammer/hammer_0/1239_0028_0268_0253_0253.jpg 1 28 268 253 253
hammer/hammer_0/1240_0098_0073_0288_0288.jpg 1 98 73 288 288
hammer/hammer_0/1241_0417_0161_0117_0117.jpg 1 417 161 117 117
hammer/hammer_0/1242_0284_0264_0048_0048.jpg 1 284 264 48 48
hammer/hammer_0/1243_0279_0222_0075_0075.jpg 1 279 222 75 75
hammer/hammer_0/1244_0113_0230_0318_0318.jpg 1 113 230 318 318
hammer/hammer_0/1245_0165_0184_0033_0033.jpg 1 165 184 33 33
hammer/hammer_0/1246_0147_0099_0293_0293.jpg 1 147 99 293 293
hammer/hammer_0/1247_0177_0175_0164_0164.jpg 1 177 175 164 164
hammer/hammer_0/1248_0264_0105_0259_0259.jpg 1 264 105 259 259
hammer/hammer_0/1249_0187_0154_0071_0071.jpg 1 187 154 71 71
hammer/hammer_0/1250_0254_0043_0049_0049.jpg 1 254 43 49 49
hammer/hammer_0/1251_0219_0090_0099_0099.jpg 1 219 90 99 99
hammer/hammer_0/1252_0192_0212_0151_0151.jpg 1 192 212 151 151
hammer/hammer_0/1253_0294_0186_0207_0207.jpg 1 294 186 207 207
hammer/hammer_0/1254_0126_0156_0287_0287.jpg 1 126 156 287 287
hammer/hammer_0/1255_0130_0188_0245_0245.jpg 1 130 188 245 245
hammer/hammer_0/1256_0164_0167_0176_0176.jpg 1 164 167 176 176
hammer/hammer_0/1257_0119_0137_0224_0224.jpg 1 119 137 224 224
hammer/hammer_0/1258_0214_0068_0278_0278.jpg 1 214 68 278 278
hammer/hammer_0/1259_0135_0229_0106_0106.jpg 1 135 229 106 106
hammer/hammer_0/1260_0216_0055_0279_0279.jpg 1 216 55 279 279
hammer/hammer_0/1261_0406_0246_0114_0114.jpg 1 406 246 114 114
hammer/hammer_0/1262_0205_0155_0126_0126.jpg 1 205 155 126 126
hammer/hammer_0/1263_0184_0138_0251_0251.jpg 1 184 138 251 251
hammer/hammer_0/1264_0047_0254_0100_0100.jpg 1 47 254 100 100
hammer/hammer_0/1265_0038_0136_0274_0274.jpg 1 38 136 274 274
hammer/hammer_0/1266_0315_0207_0121_0121.jpg 1 315 207 121 121
hammer/hammer_0/1267_0245_0063_0171_0171.jpg 1 245 63 171 171
hammer/hammer_0/1268_0187_0181_0057_0057.jpg 1 187 181 57 57
hammer/hammer_0/1269_0113_0116_0329_0329.jpg 1 113 116 329 329
hammer/hammer_0/1270_0060_0258_0147_0147.jpg 1 60 258 147 147
hammer/hammer_0/1271_0252_0080_0182_0182.jpg 1 252 80 182 182
hammer/hammer_0/1272_0092_0099_0257_0257.jpg 1 92 99 257 257
hammer/hammer_0/1273_0217_0229_0169_0169.jpg 1 217 229 169 169
hammer/hammer_0/1274_0059_0055_0267_0267.jpg 1 59 55 267 267
hammer/hammer_0/1275_0063_0062_0223_0223.jpg 1 63 62 223 223
hammer/hammer_0/1276_0053_0345_0125_0125.jpg 1 53 345 125 125
hammer/hammer_0/1277_0111_0165_0171_0171.jpg 1 111 165 171 171
hammer/hammer_0/1278_0057_0101_0260_0260.jpg 1 57 101 260 260
hammer/hammer_0/1279_0098_0172_0181_0181.jpg 1 98 172 181 181
hammer/hammer_0/1280_0102_0048_0230_0230.jpg 1 102 48 230 230
hammer/hammer_0/1281_0077_0214_0198_0198.jpg 1 77 214 198 198
hammer/hammer_0/1282_0098_0048_0311_0311.jpg 1 98 48 311 311
hammer/hammer_0/1283_0031_0128_0281_0281.jpg 1 31 128 281 281
hammer/hammer_0/1284_0149_0093_0257_0257.jpg 1 149 93 257 257
hammer/hammer_0/1285_0101_0032_0335_0335.jpg 1 101 32 335 335
hammer/hammer_0/1286_0177_0131_0313_0313.jpg 1 177 131 313 313
hammer/hammer_0/1287_0166_0257_0076_0076.jpg 1 166 257 76 76
hammer/hammer_0/1288_0242_0119_0329_0329.jpg 1 242 119 329 329
hammer/hammer_0/1289_0106_0090_0305_0305.jpg 1 106 90 305 305
hammer/hammer_0/1290_0101_0105_0305_0305.jpg 1 101 105 305 305
hammer/hammer_0/1291_0214_0198_0109_0109.jpg 1 214 198 109 109
hammer/hammer_0/1292_0102_0028_0315_0315.jpg 1 102 28 315 315
hammer/hammer_0/1293_0038_0214_0233_0233.jpg 1 38 214 233 233
hammer/hammer_0/1294_0230_0126_0235_0235.jpg 1 230 126 235 235
hammer/hammer_0/1295_0292_0305_0095_0095.jpg 1 292 305 95 95
hammer/hammer_0/1296_0176_0170_0055_0055.jpg 1 176 170 55 55
hammer/hammer_0/1297_0265_0049_0273_0273.jpg 1 265 49 273 273
hammer/hammer_0/1298_0177_0112_0224_0224.jpg 1 177 112 224 224
hammer/hammer_0/1299_0149_0100_0061_0061.jpg 1 149 100 61 61
hammer/hammer_0/1300_0231_0044_0219_0219.jpg 1 231 44 219 219
hammer/hammer_0/1301_0212_0092_0286_0286.jpg 1 212 92 286 286
hammer/hammer_0/1302_0246_0063_0203_0203.jpg 1 246 63 203 203
hammer/hammer_0/1303_0348_0043_0118_0118.jpg 1 348 43 118 118
hammer/hammer_0/1304_0252_0226_0169_0169.jpg 1 252 226 169 169
hammer/hammer_0/1305_0218_0354_0028_0028.jpg 1 218 354 28 28
hammer/hammer_0/1306_0247_0205_0186_0186.jpg 1 247 205 186 186
hammer/hammer_0/1307_0397_0119_0090_0090.jpg 1 397 119 90 90
hammer/hammer_0/1308_0428_0097_0028_0028.jpg 1 428 97 28 28
hammer/hammer_0/1309_0102_0190_0129_0129.jpg 1 102 190 129 129
hammer/hammer_0/1310_0059_0136_0251_0251.jpg 1 59 136 251 251
hammer/hammer_0/1311_0085_0318_0078_0078.jpg 1 85 318 78 78
hammer/hammer_0/1312_0063_0162_0333_0333.jpg 1 63 162 333 333
hammer/hammer_0/1313_0197_0118_0293_0293.jpg 1 197 118 293 293
hammer/hammer_0/1314_0296_0203_0142_0142.jpg 1 296 203 142 142
hammer/hammer_0/1315_0315_0259_0049_0049.jpg 1 315 259 49 49
hammer/hammer_0/1316_0280_0078_0271_0271.jpg 1 280 78 271 271
hammer/hammer_0/1317_0223_0220_0137_0137.jpg 1 223 220 137 137
hammer/hammer_0/1318_0075_0082_0212_0212.jpg 1 75 82 212 212
hammer/hammer_0/1319_0042_0032_0319_0319.jpg 1 42 32 319 319
hammer/hammer_0/1320_0241_0075_0145_0145.jpg 1 241 75 145 145
hammer/hammer_0/1321_0351_0050_0071_0071.jpg 1 351 50 71 71
hammer/hammer_0/1322_0104_0100_0241_0241.jpg 1 104 100 241 241
hammer/hammer_0/1323_0250_0188_0166_0166.jpg 1 250 188 166 166
hammer/hammer_0/1324_0237_0126_0194_0194.jpg 1 237 126 194 194
hammer/hammer_0/1325_0058_0106_0178_0178.jpg 1 58 106 178 178
hammer/hammer_0/1326_0139_0038_0311_0311.jpg 1 139 38 311 311
hammer/hammer_0/1327_0344_0098_0094_0094.jpg 1 344 98 94 94
hammer/hammer_0/1328_0195_0087_0232_0232.jpg 1 195 87 232 232
hammer/hammer_0/1329_0415_0126_0095_0095.jpg 1 415 126 95 95
hammer/hammer_0/1330_0274_0185_0073_0073.jpg 1 274 185 73 73
hammer/hammer_0/1331_0119_0248_0034_0034.jpg 1 119 248 34 34
hammer/hammer_0/1332_0229_0121_0165_0165.jpg 1 229 121 165 165
hammer/hammer_0/1333_0395_0126_0110_0110.jpg 1 395 126 110 110
hammer/hammer_0/1334_0146_0162_0247_0247.jpg 1 146 162 247 247
hammer/hammer_0/1335_0065_0337_0181_0181.jpg 1 65 337 181 181
hammer/hammer_0/1336_0155_0081_0200_0200.jpg 1 155 81 200 200
hammer/hammer_0/1337_0174_0038_0275_0275.jpg 1 174 38 275 275
hammer/hammer_0/1338_0216_0107_0105_0105.jpg 1 216 107 105 105
hammer/hammer_0/1339_0136_0103_0157_0157.jpg 1 136 103 157 157
hammer/hammer_0/1340_0084_0056_0081_0081.jpg 1 84 56 81 81
hammer/hammer_0/1341_0125_0130_0069_0069.jpg 1 125 130 69 69
hammer/hammer_0/1342_0050_0060_0241_0241.jpg 1 50 60 241 241
hammer/hammer_0/1343_0229_0058_0072_0072.jpg 1 229 58 72 72
hammer/hammer_0/1344_0246_0042_0308_0308.jpg 1 246 42 308 308
hammer/hammer_0/1345_0063_0309_0088_0088.jpg 1 63 309 88 88
hammer/hammer_0/1346_0056_0022_0325_0325.jpg 1 56 22 325 325
hammer/hammer_0/1347_0099_0149_0245_0245.jpg 1 99 149 245 245
hammer/hammer_0/1348_0222_0109_0335_0335.jpg 1 222 109 335 335
hammer/hammer_0/1349_0036_0207_0318_0318.jpg 1 36 207 318 318
hammer/hammer_0/1350_0179_0022_0264_0264.jpg 1 179 22 264 264
hammer/hammer_0/1351_0194_0038_0140_0140.jpg 1 194 38 140 140
hammer/hammer_0/1352_0222_0300_0080_0080.jpg 1 222 300 80 80
hammer/hammer_0/1353_0230_0118_0217_0217.jpg 1 230 118 217 217
hammer/hammer_0/1354_0256_0097_0058_0058.jpg 1 256 97 58 58
hammer/hammer_0/1355_0159_0074_0238_0238.jpg 1 159 74 238 238
hammer/hammer_0/1356_0268_0053_0301_0301.jpg 1 268 53 301 301
hammer/hammer_0/1357_0308_0164_0105_0105.jpg 1 308 164 105 105
hammer/hammer_0/1358_0407_0168_0104_0104.jpg 1 407 168 104 104
hammer/hammer_0/1359_0272_0315_0041_0041.jpg 1 272 315 41 41
hammer/hammer_0/1360_0258_0181_0188_0188.jpg 1 258 181 188 188
hammer/hammer_0/1361_0417_0192_0086_0086.jpg 1 417 192 86 86
hammer/hammer_0/1362_0114_0092_0261_0261.jpg 1 114 92 261 261
hammer/hammer_0/1363_0378_0235_0135_0135.jpg 1 378 235 135 135
hammer/hammer_0/1364_0242_0102_0315_0315.jpg 1 242 102 315 315
hammer/hammer_0/1365_0275_0144_0241_0241.jpg 1 275 144 241 241
hammer/hammer_0/1366_0127_0237_0085_0085.jpg 1 127 237 85 85
hammer/hammer_0/1367_0063_0214_0229_0229.jpg 1 63 214 229 229
hammer/hammer_0/1368_0030_0139_0258_0258.jpg 1 30 139 258 258
hammer/hammer_0/1369_0095_0071_0133_0133.jpg 1 95 71 133 133
hammer/hammer_0/1370_0092_0162_0225_0225.jpg 1 92 162 225 225
hammer/hammer_0/1371_0132_0368_0138_0138.jpg 1 132 368 138 138
hammer/hammer_0/1372_0095_0252_0150_0150.jpg 1 95 252 150 150
hammer/hammer_0/1373_0081_0098_0132_0132.jpg 1 81 98 132 132
hammer/hammer_0/1374_0219_0435_0032_0032.jpg 1 219 435 32 32
hammer/hammer_0/1375_0228_0057_0122_0122.jpg 1 228 57 122 122
hammer/hammer_0/1376_0261_0125_0177_0177.jpg 1 261 125 177 177
hammer/hammer_0/1377_0081_0159_0046_0046.jpg 1 81 159 46 46
hammer/hammer_0/1378_0100_0112_0266_0266.jpg 1 100 112 266 266
hammer/hammer_0/1379_0123_0103_0252_0252.jpg 1 123 103 252 252
hammer/hammer_0/1380_0217_0061_0061_0061.jpg 1 217 61 61 61
hammer/hammer_0/1381_0158_0133_0233_0233.jpg 1 158 133 233 233
hammer/hammer_0/1382_0193_0069_0275_0275.jpg 1 193 69 275 275
hammer/hammer_0/1383_0200_0123_0231_0231.jpg 1 200 123 231 231
hammer/hammer_0/1384_0200_0123_0312_0312.jpg 1 200 123 312 312
hammer/hammer_0/1385_0133_0112_0304_0304.jpg 1 133 112 304 304
hammer/hammer_0/1386_0156_0104_0134_0134.jpg 1 156 104 134 134
hammer/hammer_0/1387_0052_0114_0204_0204.jpg 1 52 114 204 204
hammer/hammer_0/1388_0076_0208_0074_0074.jpg 1 76 208 74 74
hammer/hammer_0/1389_0096_0047_0281_0281.jpg 1 96 47 281 281
hammer/hammer_0/1390_0198_0108_0244_0244.jpg 1 198 108 244 244
hammer/hammer_0/1391_0043_0127_0281_0281.jpg 1 43 127 281 281
hammer/hammer_0/1392_0215_0123_0308_0308.jpg 1 215 123 308 308
hammer/hammer_0/1393_0189_0037_0223_0223.jpg 1 189 37 223 223
hammer/hammer_0/1394_0160_0053_0276_0276.jpg 1 160 53 276 276
hammer/hammer_0/1395_0043_0080_0197_0197.jpg 1 43 80 197 197
hammer/hammer_0/1396_0064_0339_0207_0207.jpg 1 64 339 207 207
hammer/hammer_0/1397_0228_0159_0170_0170.jpg 1 228 159 170 170
hammer/hammer_0/1398_0120_0249_0141_0141.jpg 1 120 249 141 141
hammer/hammer_0/1399_0042_0131_0306_0306.jpg 1 42 131 306 306
hammer/hammer_0/1400_0275_0076_0116_0116.jpg 1 275 76 116 116
hammer/hammer_0/1401_0258_0116_0305_0305.jpg 1 258 116 305 305
hammer/hammer_0/1402_0145_0157_0212_0212.jpg 1 145 157 212 212
hammer/hammer_0/1403_0369_0141_0100_0100.jpg 1 369 141 100 100
hammer/hammer_0/1404_0275_0084_0188_0188.jpg 1 275 84 188 188
hammer/hammer_0/1405_0249_0075_0211_0211.jpg 1 249 75 211 211
hammer/hammer_0/1406_0160_0035_0305_0305.jpg 1 160 35 305 305
hammer/hammer_0/1407_0229_0112_0272_0272.jpg 1 229 112 272 272
hammer/hammer_0/1408_0276_0156_0134_0134.jpg 1 276 156 134 134
hammer/hammer_0/1409_0389_0211_0128_0128.jpg 1 389 211 128 128
hammer/hammer_0/1410_0188_0019_0282_0282.jpg 1 188 19 282 282
hammer/hammer_0/1411_0418_0215_0079_0079.jpg 1 418 215 79 79
hammer/hammer_0/1412_0266_0182_0102_0102.jpg 1 266 182 102 102
hammer/hammer_0/1413_0231_0079_0129_0129.jpg 1 231 79 129 129
hammer/hammer_0/1414_0041_0174_0251_0251.jpg 1 41 174 251 251
hammer/hammer_0/1415_0240_0131_0307_0307.jpg 1 240 131 307 307
hammer/hammer_0/1416_0156_0031_0204_0204.jpg 1 156 31 204 204
hammer/hammer_0/1417_0119_0144_0282_0282.jpg 1 119 144 282 282
hammer/hammer_0/1418_0068_0115_0172_0172.jpg 1 68 115 172 172
hammer/hammer_0/1419_0176_0092_0331_0331.jpg 1 176 92 331 331
hammer/hammer_0/1420_0372_0125_0160_0160.jpg 1 372 125 160 160
hammer/hammer_0/1421_0437_0266_0059_0059.jpg 1 437 266 59 59
hammer/hammer_0/1422_0095_0134_0246_0246.jpg 1 95 134 246 246
hammer/hammer_0/1423_0248_0149_0133_0133.jpg 1 248 149 133 133
hammer/hammer_0/1424_0385_0310_0077_0077.jpg 1 385 310 77 77
hammer/hammer_0/1425_0145_0228_0159_0159.jpg 1 145 228 159 159
hammer/hammer_0/1426_0307_0186_0135_0135.jpg 1 307 186 135 135
hammer/hammer_0/1427_0117_0047_0195_0195.jpg 1 117 47 195 195
hammer/hammer_0/1428_0088_0362_0165_0165.jpg 1 88 362 165 165
hammer/hammer_0/1429_0397_0185_0085_0085.jpg 1 397 185 85 85
hammer/hammer_0/1430_0111_0175_0144_0144.jpg 1 111 175 144 144
hammer/hammer_0/1431_0184_0219_0185_0185.jpg 1 184 219 185 185
hammer/hammer_0/1432_0136_0122_0100_0100.jpg 1 136 122 100 100
hammer/hammer_0/1433_0176_0026_0249_0249.jpg 1 176 26 249 249
hammer/hammer_0/1434_0286_0096_0261_0261.jpg 1 286 96 261 261
hammer/hammer_0/1435_0210_0154_0284_0284.jpg 1 210 154 284 284
hammer/hammer_0/1436_0271_0218_0110_0110.jpg 1 271 218 110 110
hammer/hammer_0/1437_0387_0356_0030_0030.jpg 1 387 356 30 30
hammer/hammer_0/1438_0192_0043_0242_0242.jpg 1 192 43 242 242
hammer/hammer_0/1439_0317_0089_0239_0239.jpg 1 317 89 239 239
hammer/hammer_0/1440_0268_0054_0298_0298.jpg 1 268 54 298 298
hammer/hammer_0/1441_0042_0097_0226_0226.jpg 1 42 97 226 226
hammer/hammer_0/1442_0227_0062_0301_0301.jpg 1 227 62 301 301
hammer/hammer_0/1443_0222_0121_0282_0282.jpg 1 222 121 282 282
hammer/hammer_0/1444_0397_0116_0046_0046.jpg 1 397 116 46 46
hammer/hammer_0/1445_0203_0051_0033_0033.jpg 1 203 51 33 33
hammer/hammer_0/1446_0057_0098_0167_0167.jpg 1 57 98 167 167
hammer/hammer_0/1447_0216_0083_0162_0162.jpg 1 216 83 162 162
hammer/hammer_0/1448_0053_0046_0178_0178.jpg 1 53 46 178 178
hammer/hammer_0/1449_0152_0158_0212_0212.jpg 1 152 158 212 212
hammer/hammer_0/1450_0316_0213_0119_0119.jpg 1 316 213 119 119
hammer/hammer_0/1451_0067_0027_0272_0272.jpg 1 67 27 272 272
hammer/hammer_0/1452_0200_0046_0307_0307.jpg 1 200 46 307 307
hammer/hammer_0/1453_0241_0118_0070_0070.jpg 1 241 118 70 70
hammer/hammer_0/1454_0276_0261_0096_0096.jpg 1 276 261 96 96
hammer/hammer_0/1455_0239_0069_0284_0284.jpg 1 239 69 284 284
hammer/hammer_0/1456_0355_0209_0063_0063.jpg 1 355 209 63 63
hammer/hammer_0/1457_0178_0071_0247_0247.jpg 1 178 71 247 247
hammer/hammer_0/1458_0089_0161_0063_0063.jpg 1 89 161 63 63
hammer/hammer_0/1459_0114_0124_0282_0282.jpg 1 114 124 282 282
hammer/hammer_0/1460_0134_0120_0179_0179.jpg 1 134 120 179 179
hammer/hammer_0/1461_0200_0198_0181_0181.jpg 1 200 198 181 181
hammer/hammer_0/1462_0086_0212_0119_0119.jpg 1 86 212 119 119
hammer/hammer_0/1463_0241_0165_0112_0112.jpg 1 241 165 112 112
hammer/hammer_0/1464_0177_0103_0255_0255.jpg 1 177 103 255 255
hammer/hammer_0/1465_0219_0100_0077_0077.jpg 1 219 100 77 77
hammer/hammer_0/1466_0294_0039_0253_0253.jpg 1 294 39 253 253
hammer/hammer_0/1467_0208_0159_0180_0180.jpg 1 208 159 180 180
hammer/hammer_0/1468_0339_0100_0187_0187.jpg 1 339 100 187 187
hammer/hammer_0/1469_0316_0233_0164_0164.jpg 1 316 233 164 164
hammer/hammer_0/1470_0342_0078_0108_0108.jpg 1 342 78 108 108
hammer/hammer_0/1471_0220_0181_0189_0189.jpg 1 220 181 189 189
hammer/hammer_0/1472_0117_0106_0244_0244.jpg 1 117 106 244 244
hammer/hammer_0/1473_0347_0289_0036_0036.jpg 1 347 289 36 36
hammer/hammer_0/1474_0123_0033_0291_0291.jpg 1 123 33 291 291
hammer/hammer_0/1475_0339_0194_0089_0089.jpg 1 339 194 89 89
hammer/hammer_0/1476_0205_0065_0198_0198.jpg 1 205 65 198 198
hammer/hammer_0/1477_0154_0127_0031_0031.jpg 1 154 127 31 31
hammer/hammer_0/1478_0165_0129_0066_0066.jpg 1 165 129 66 66
hammer/hammer_0/1479_0102_0142_0280_0280.jpg 1 102 142 280 280
hammer/hammer_0/1480_0083_0227_0113_0113.jpg 1 83 227 113 113
hammer/hammer_0/1481_0179_0063_0313_0313.jpg 1 179 63 313 313
hammer/hammer_0/1482_0455_0273_0069_0069.jpg 1 455 273 69 69
hammer/hammer_0/1483_0172_0054_0137_0137.jpg 1 172 54 137 137
hammer/hammer_0/1484_0150_0235_0052_0052.jpg 1 150 235 52 52
hammer/hammer_0/1485_0105_0040_0210_0210.jpg 1 105 40 210 210
hammer/hammer_0/1486_0127_0091_0046_0046.jpg 1 127 91 46 46
hammer/hammer_0/1487_0061_0038_0233_0233.jpg 1 61 38 233 233
hammer/hammer_0/1488_0248_0149_0238_0238.jpg 1 248 149 238 238
hammer/hammer_0/1489_0122_0109_0177_0177.jpg 1 122 109 177 177
hammer/hammer_0/1490_0089_0086_0163_0163.jpg 1 89 86 163 163
hammer/hammer_0/1491_0256_0163_0083_0083.jpg 1 256 163 83 83
hammer/hammer_0/1492_0174_0071_0258_0258.jpg 1 174 71 258 258
hammer/hammer_0/1493_0069_0067_0270_0270.jpg 1 69 67 270 270
hammer/hammer_0/1494_0275_0133_0102_0102.jpg 1 275 133 102 102
hammer/hammer_0/1495_0237_0172_0190_0190.jpg 1 237 172 190 190
hammer/hammer_0/1496_0288_0129_0242_0242.jpg 1 288 129 242 242
hammer/hammer_0/1497_0045_0356_0162_0162.jpg 1 45 356 162 162
hammer/hammer_0/1498_0268_0375_0104_0104.jpg 1 268 375 104 104
hammer/hammer_0/1499_0350_0240_0103_0103.jpg 1 350 240 103 103
hammer/hammer_0/1500_0136_0030_0253_0253.jpg 1 136 30 253 253
