wrap/wrap_0/0001_0093_0053_0279_0279.jpg 1 93 53 279 279
wrap/wrap_0/0002_0092_0171_0164_0164.jpg 1 92 171 164 164
wrap/wrap_0/0003_0104_0098_0222_0222.jpg 1 104 98 222 222
wrap/wrap_0/0004_0118_0033_0261_0261.jpg 1 118 33 261 261
wrap/wrap_0/0005_0119_0118_0211_0211.jpg 1 119 118 211 211
wrap/wrap_0/0006_0275_0033_0195_0195.jpg 1 275 33 195 195
wrap/wrap_0/0007_0060_0228_0309_0309.jpg 1 60 228 309 309
wrap/wrap_0/0008_0371_0203_0100_0100.jpg 1 371 203 100 100
wrap/wrap_0/0009_0207_0082_0302_0302.jpg 1 207 82 302 302
wrap/wrap_0/0010_0255_0109_0285_0285.jpg 1 255 109 285 285
wrap/wrap_0/0011_0137_0141_0239_0239.jpg 1 137 141 239 239
wrap/wrap_0/0012_0110_0135_0242_0242.jpg 1 110 135 242 242
wrap/wrap_0/0013_0320_0208_0049_0049.jpg 1 320 208 49 49
wrap/wrap_0/0014_0232_0062_0097_0097.jpg 1 232 62 97 97
wrap/wrap_0/0015_0336_0069_0163_0163.jpg 1 336 69 163 163
wrap/wrap_0/0016_0266_0223_0095_0095.jpg 1 266 223 95 95
wrap/wrap_0/0017_0175_0026_0332_0332.jpg 1 175 26 332 332
wrap/wrap_0/0018_0099_0102_0269_0269.jpg 1 99 102 269 269
wrap/wrap_0/0019_0177_0349_0089_0089.jpg 1 177 349 89 89
wrap/wrap_0/0020_0244_0039_0328_0328.jpg 1 244 39 328 328
wrap/wrap_0/0021_0070_0143_0297_0297.jpg 1 70 143 297 297
wrap/wrap_0/0022_0298_0061_0105_0105.jpg 1 298 61 105 105
wrap/wrap_0/0023_0117_0077_0185_0185.jpg 1 117 77 185 185
wrap/wrap_0/0024_0126_0124_0321_0321.jpg 1 126 124 321 321
wrap/wrap_0/0025_0095_0137_0297_0297.jpg 1 95 137 297 297
wrap/wrap_0/0026_0101_0074_0302_0302.jpg 1 101 74 302 302
wrap/wrap_0/0027_0084_0058_0067_0067.jpg 1 84 58 67 67
wrap/wrap_0/0028_0047_0099_0305_0305.jpg 1 47 99 305 305
wrap/wrap_0/0029_0167_0153_0284_0284.jpg 1 167 153 284 284
wrap/wrap_0/0030_0154_0048_0216_0216.jpg 1 154 48 216 216
wrap/wrap_0/0031_0126_0126_0317_0317.jpg 1 126 126 317 317
wrap/wrap_0/0032_0157_0133_0258_0258.jpg 1 157 133 258 258
wrap/wrap_0/0033_0180_0021_0301_0301.jpg 1 180 21 301 301
wrap/wrap_0/0034_0312_0217_0206_0206.jpg 1 312 217 206 206
wrap/wrap_0/0035_0237_0340_0151_0151.jpg 1 237 340 151 151
wrap/wrap_0/0036_0081_0138_0303_0303.jpg 1 81 138 303 303
wrap/wrap_0/0037_0066_0134_0267_0267.jpg 1 66 134 267 267
wrap/wrap_0/0038_0076_0181_0297_0297.jpg 1 76 181 297 297
wrap/wrap_0/0039_0203_0093_0228_0228.jpg 1 203 93 228 228
wrap/wrap_0/0040_0076_0085_0080_0080.jpg 1 76 85 80 80
wrap/wrap_0/0041_0320_0081_0207_0207.jpg 1 320 81 207 207
wrap/wrap_0/0042_0074_0046_0245_0245.jpg 1 74 46 245 245
wrap/wrap_0/0043_0078_0075_0107_0107.jpg 1 78 75 107 107
wrap/wrap_0/0044_0189_0028_0255_0255.jpg 1 189 28 255 255
wrap/wrap_0/0045_0082_0156_0206_0206.jpg 1 82 156 206 206
wrap/wrap_0/0046_0078_0219_0176_0176.jpg 1 78 219 176 176
wrap/wrap_0/0047_0066_0188_0325_0325.jpg 1 66 188 325 325
wrap/wrap_0/0048_0373_0150_0089_0089.jpg 1 373 150 89 89
wrap/wrap_0/0049_0399_0333_0048_0048.jpg 1 399 333 48 48
wrap/wrap_0/0050_0272_0140_0232_0232.jpg 1 272 140 232 232
wrap/wrap_0/0051_0080_0225_0054_0054.jpg 1 80 225 54 54
wrap/wrap_0/0052_0339_0042_0139_0139.jpg 1 339 42 139 139
wrap/wrap_0/0053_0071_0102_0130_0130.jpg 1 71 102 130 130
wrap/wrap_0/0054_0069_0205_0201_0201.jpg 1 69 205 201 201
wrap/wrap_0/0055_0290_0054_0255_0255.jpg 1 290 54 255 255
wrap/wrap_0/0056_0197_0084_0147_0147.jpg 1 197 84 147 147
wrap/wrap_0/0057_0135_0154_0245_0245.jpg 1 135 154 245 245
wrap/wrap_0/0058_0181_0205_0079_0079.jpg 1 181 205 79 79
wrap/wrap_0/0059_0198_0275_0096_0096.jpg 1 198 275 96 96
wrap/wrap_0/0060_0311_0080_0183_0183.jpg 1 311 80 183 183
wrap/wrap_0/0061_0245_0074_0311_0311.jpg 1 245 74 311 311
wrap/wrap_0/0062_0058_0272_0060_0060.jpg 1 58 272 60 60
wrap/wrap_0/0063_0217_0149_0102_0102.jpg 1 217 149 102 102
wrap/wrap_0/0064_0175_0145_0187_0187.jpg 1 175 145 187 187
wrap/wrap_0/0065_0162_0204_0209_0209.jpg 1 162 204 209 209
wrap/wrap_0/0066_0287_0047_0275_0275.jpg 1 287 47 275 275
wrap/wrap_0/0067_0175_0048_0228_0228.jpg 1 175 48 228 228
wrap/wrap_0/0068_0117_0167_0068_0068.jpg 1 117 167 68 68
wrap/wrap_0/0069_0124_0378_0053_0053.jpg 1 124 378 53 53
wrap/wrap_0/0070_0393_0165_0087_0087.jpg 1 393 165 87 87
wrap/wrap_0/0071_0202_0194_0208_0208.jpg 1 202 194 208 208
wrap/wrap_0/0072_0119_0229_0319_0319.jpg 1 119 229 319 319
wrap/wrap_0/0073_0123_0154_0196_0196.jpg 1 123 154 196 196
wrap/wrap_0/0074_0153_0039_0280_0280.jpg 1 153 39 280 280
wrap/wrap_0/0075_0205_0064_0285_0285.jpg 1 205 64 285 285
wrap/wrap_0/0076_0096_0078_0329_0329.jpg 1 96 78 329 329
wrap/wrap_0/0077_0062_0110_0289_0289.jpg 1 62 110 289 289
wrap/wrap_0/0078_0361_0057_0160_0160.jpg 1 361 57 160 160
wrap/wrap_0/0079_0041_0119_0315_0315.jpg 1 41 119 315 315
wrap/wrap_0/0080_0401_0075_0121_0121.jpg 1 401 75 121 121
wrap/wrap_0/0081_0104_0235_0125_0125.jpg 1 104 235 125 125
wrap/wrap_0/0082_0100_0112_0309_0309.jpg 1 100 112 309 309
wrap/wrap_0/0083_0071_0160_0122_0122.jpg 1 71 160 122 122
wrap/wrap_0/0084_0247_0133_0308_0308.jpg 1 247 133 308 308
wrap/wrap_0/0085_0334_0046_0190_0190.jpg 1 334 46 190 190
wrap/wrap_0/0086_0032_0205_0229_0229.jpg 1 32 205 229 229
wrap/wrap_0/0087_0381_0220_0120_0120.jpg 1 381 220 120 120
wrap/wrap_0/0088_0101_0270_0080_0080.jpg 1 101 270 80 80
wrap/wrap_0/0089_0300_0150_0200_0200.jpg 1 300 150 200 200
wrap/wrap_0/0090_0145_0108_0282_0282.jpg 1 145 108 282 282
wrap/wrap_0/0091_0203_0155_0186_0186.jpg 1 203 155 186 186
wrap/wrap_0/0092_0188_0058_0185_0185.jpg 1 188 58 185 185
wrap/wrap_0/0093_0218_0104_0278_0278.jpg 1 218 104 278 278
wrap/wrap_0/0094_0248_0097_0231_0231.jpg 1 248 97 231 231
wrap/wrap_0/0095_0305_0074_0251_0251.jpg 1 305 74 251 251
wrap/wrap_0/0096_0097_0065_0243_0243.jpg 1 97 65 243 243
wrap/wrap_0/0097_0215_0100_0295_0295.jpg 1 215 100 295 295
wrap/wrap_0/0098_0097_0047_0328_0328.jpg 1 97 47 328 328
wrap/wrap_0/0099_0162_0229_0144_0144.jpg 1 162 229 144 144
wrap/wrap_0/0100_0155_0148_0176_0176.jpg 1 155 148 176 176
wrap/wrap_0/0101_0151_0180_0225_0225.jpg 1 151 180 225 225
wrap/wrap_0/0102_0229_0274_0083_0083.jpg 1 229 274 83 83
wrap/wrap_0/0103_0170_0051_0098_0098.jpg 1 170 51 98 98
wrap/wrap_0/0104_0064_0136_0221_0221.jpg 1 64 136 221 221
wrap/wrap_0/0105_0128_0077_0335_0335.jpg 1 128 77 335 335
wrap/wrap_0/0106_0091_0297_0236_0236.jpg 1 91 297 236 236
wrap/wrap_0/0107_0117_0137_0270_0270.jpg 1 117 137 270 270
wrap/wrap_0/0108_0107_0286_0073_0073.jpg 1 107 286 73 73
wrap/wrap_0/0109_0226_0059_0279_0279.jpg 1 226 59 279 279
wrap/wrap_0/0110_0255_0216_0125_0125.jpg 1 255 216 125 125
wrap/wrap_0/0111_0452_0200_0057_0057.jpg 1 452 200 57 57
wrap/wrap_0/0112_0152_0198_0214_0214.jpg 1 152 198 214 214
wrap/wrap_0/0113_0382_0077_0156_0156.jpg 1 382 77 156 156
wrap/wrap_0/0114_0075_0064_0281_0281.jpg 1 75 64 281 281
wrap/wrap_0/0115_0159_0362_0154_0154.jpg 1 159 362 154 154
wrap/wrap_0/0116_0201_0070_0272_0272.jpg 1 201 70 272 272
wrap/wrap_0/0117_0110_0182_0069_0069.jpg 1 110 182 69 69
wrap/wrap_0/0118_0245_0173_0153_0153.jpg 1 245 173 153 153
wrap/wrap_0/0119_0089_0120_0257_0257.jpg 1 89 120 257 257
wrap/wrap_0/0120_0075_0077_0264_0264.jpg 1 75 77 264 264
wrap/wrap_0/0121_0132_0103_0220_0220.jpg 1 132 103 220 220
wrap/wrap_0/0122_0034_0233_0281_0281.jpg 1 34 233 281 281
wrap/wrap_0/0123_0259_0108_0262_0262.jpg 1 259 108 262 262
wrap/wrap_0/0124_0142_0086_0120_0120.jpg 1 142 86 120 120
wrap/wrap_0/0125_0194_0029_0204_0204.jpg 1 194 29 204 204
wrap/wrap_0/0126_0272_0303_0078_0078.jpg 1 272 303 78 78
wrap/wrap_0/0127_0223_0210_0145_0145.jpg 1 223 210 145 145
wrap/wrap_0/0128_0077_0276_0190_0190.jpg 1 77 276 190 190
wrap/wrap_0/0129_0256_0391_0136_0136.jpg 1 256 391 136 136
wrap/wrap_0/0130_0323_0043_0152_0152.jpg 1 323 43 152 152
wrap/wrap_0/0131_0127_0062_0309_0309.jpg 1 127 62 309 309
wrap/wrap_0/0132_0255_0131_0167_0167.jpg 1 255 131 167 167
wrap/wrap_0/0133_0251_0392_0139_0139.jpg 1 251 392 139 139
wrap/wrap_0/0134_0194_0168_0191_0191.jpg 1 194 168 191 191
wrap/wrap_0/0135_0444_0229_0072_0072.jpg 1 444 229 72 72
wrap/wrap_0/0136_0396_0234_0101_0101.jpg 1 396 234 101 101
wrap/wrap_0/0137_0399_0108_0101_0101.jpg 1 399 108 101 101
wrap/wrap_0/0138_0259_0129_0112_0112.jpg 1 259 129 112 112
wrap/wrap_0/0139_0349_0167_0182_0182.jpg 1 349 167 182 182
wrap/wrap_0/0140_0067_0283_0073_0073.jpg 1 67 283 73 73
wrap/wrap_0/0141_0205_0073_0180_0180.jpg 1 205 73 180 180
wrap/wrap_0/0142_0303_0023_0254_0254.jpg 1 303 23 254 254
wrap/wrap_0/0143_0384_0147_0099_0099.jpg 1 384 147 99 99
wrap/wrap_0/0144_0260_0079_0138_0138.jpg 1 260 79 138 138
wrap/wrap_0/0145_0186_0170_0189_0189.jpg 1 186 170 189 189
wrap/wrap_0/0146_0155_0033_0324_0324.jpg 1 155 33 324 324
wrap/wrap_0/0147_0193_0108_0315_0315.jpg 1 193 108 315 315
wrap/wrap_0/0148_0128_0091_0206_0206.jpg 1 128 91 206 206
wrap/wrap_0/0149_0292_0223_0153_0153.jpg 1 292 223 153 153
wrap/wrap_0/0150_0083_0177_0121_0121.jpg 1 83 177 121 121
wrap/wrap_0/0151_0415_0255_0114_0114.jpg 1 415 255 114 114
wrap/wrap_0/0152_0059_0037_0240_0240.jpg 1 59 37 240 240
wrap/wrap_0/0153_0198_0117_0171_0171.jpg 1 198 117 171 171
wrap/wrap_0/0154_0213_0033_0300_0300.jpg 1 213 33 300 300
wrap/wrap_0/0155_0184_0234_0242_0242.jpg 1 184 234 242 242
wrap/wrap_0/0156_0076_0173_0268_0268.jpg 1 76 173 268 268
wrap/wrap_0/0157_0090_0057_0257_0257.jpg 1 90 57 257 257
wrap/wrap_0/0158_0140_0021_0309_0309.jpg 1 140 21 309 309
wrap/wrap_0/0159_0352_0208_0162_0162.jpg 1 352 208 162 162
wrap/wrap_0/0160_0130_0189_0150_0150.jpg 1 130 189 150 150
wrap/wrap_0/0161_0117_0140_0067_0067.jpg 1 117 140 67 67
wrap/wrap_0/0162_0113_0199_0066_0066.jpg 1 113 199 66 66
wrap/wrap_0/0163_0265_0090_0266_0266.jpg 1 265 90 266 266
wrap/wrap_0/0164_0044_0054_0236_0236.jpg 1 44 54 236 236
wrap/wrap_0/0165_0046_0316_0208_0208.jpg 1 46 316 208 208
wrap/wrap_0/0166_0356_0083_0115_0115.jpg 1 356 83 115 115
wrap/wrap_0/0167_0230_0298_0072_0072.jpg 1 230 298 72 72
wrap/wrap_0/0168_0095_0225_0079_0079.jpg 1 95 225 79 79
wrap/wrap_0/0169_0326_0177_0057_0057.jpg 1 326 177 57 57
wrap/wrap_0/0170_0088_0024_0249_0249.jpg 1 88 24 249 249
wrap/wrap_0/0171_0176_0039_0235_0235.jpg 1 176 39 235 235
wrap/wrap_0/0172_0309_0147_0113_0113.jpg 1 309 147 113 113
wrap/wrap_0/0173_0044_0038_0267_0267.jpg 1 44 38 267 267
wrap/wrap_0/0174_0287_0238_0093_0093.jpg 1 287 238 93 93
wrap/wrap_0/0175_0089_0089_0326_0326.jpg 1 89 89 326 326
wrap/wrap_0/0176_0122_0069_0108_0108.jpg 1 122 69 108 108
wrap/wrap_0/0177_0395_0132_0107_0107.jpg 1 395 132 107 107
wrap/wrap_0/0178_0382_0191_0135_0135.jpg 1 382 191 135 135
wrap/wrap_0/0179_0067_0229_0216_0216.jpg 1 67 229 216 216
wrap/wrap_0/0180_0059_0310_0070_0070.jpg 1 59 310 70 70
wrap/wrap_0/0181_0350_0113_0143_0143.jpg 1 350 113 143 143
wrap/wrap_0/0182_0081_0063_0335_0335.jpg 1 81 63 335 335
wrap/wrap_0/0183_0200_0159_0057_0057.jpg 1 200 159 57 57
wrap/wrap_0/0184_0116_0052_0160_0160.jpg 1 116 52 160 160
wrap/wrap_0/0185_0068_0187_0222_0222.jpg 1 68 187 222 222
wrap/wrap_0/0186_0089_0064_0152_0152.jpg 1 89 64 152 152
wrap/wrap_0/0187_0182_0169_0224_0224.jpg 1 182 169 224 224
wrap/wrap_0/0188_0083_0117_0271_0271.jpg 1 83 117 271 271
wrap/wrap_0/0189_0134_0200_0125_0125.jpg 1 134 200 125 125
wrap/wrap_0/0190_0137_0297_0090_0090.jpg 1 137 297 90 90
wrap/wrap_0/0191_0226_0154_0270_0270.jpg 1 226 154 270 270
wrap/wrap_0/0192_0217_0082_0128_0128.jpg 1 217 82 128 128
wrap/wrap_0/0193_0117_0033_0317_0317.jpg 1 117 33 317 317
wrap/wrap_0/0194_0079_0133_0335_0335.jpg 1 79 133 335 335
wrap/wrap_0/0195_0068_0189_0084_0084.jpg 1 68 189 84 84
wrap/wrap_0/0196_0240_0117_0306_0306.jpg 1 240 117 306 306
wrap/wrap_0/0197_0102_0084_0145_0145.jpg 1 102 84 145 145
wrap/wrap_0/0198_0298_0214_0193_0193.jpg 1 298 214 193 193
wrap/wrap_0/0199_0313_0147_0193_0193.jpg 1 313 147 193 193
wrap/wrap_0/0200_0063_0056_0265_0265.jpg 1 63 56 265 265
wrap/wrap_0/0201_0329_0073_0217_0217.jpg 1 329 73 217 217
wrap/wrap_0/0202_0140_0168_0187_0187.jpg 1 140 168 187 187
wrap/wrap_0/0203_0082_0087_0335_0335.jpg 1 82 87 335 335
wrap/wrap_0/0204_0140_0069_0236_0236.jpg 1 140 69 236 236
wrap/wrap_0/0205_0122_0172_0176_0176.jpg 1 122 172 176 176
wrap/wrap_0/0206_0125_0032_0311_0311.jpg 1 125 32 311 311
wrap/wrap_0/0207_0244_0062_0264_0264.jpg 1 244 62 264 264
wrap/wrap_0/0208_0058_0134_0295_0295.jpg 1 58 134 295 295
wrap/wrap_0/0209_0139_0103_0331_0331.jpg 1 139 103 331 331
wrap/wrap_0/0210_0187_0174_0075_0075.jpg 1 187 174 75 75
wrap/wrap_0/0211_0201_0073_0066_0066.jpg 1 201 73 66 66
wrap/wrap_0/0212_0200_0147_0270_0270.jpg 1 200 147 270 270
wrap/wrap_0/0213_0199_0104_0056_0056.jpg 1 199 104 56 56
wrap/wrap_0/0214_0126_0082_0315_0315.jpg 1 126 82 315 315
wrap/wrap_0/0215_0292_0171_0178_0178.jpg 1 292 171 178 178
wrap/wrap_0/0216_0171_0140_0179_0179.jpg 1 171 140 179 179
wrap/wrap_0/0217_0313_0227_0188_0188.jpg 1 313 227 188 188
wrap/wrap_0/0218_0262_0052_0256_0256.jpg 1 262 52 256 256
wrap/wrap_0/0219_0346_0237_0120_0120.jpg 1 346 237 120 120
wrap/wrap_0/0220_0165_0219_0157_0157.jpg 1 165 219 157 157
wrap/wrap_0/0221_0209_0137_0117_0117.jpg 1 209 137 117 117
wrap/wrap_0/0222_0345_0028_0200_0200.jpg 1 345 28 200 200
wrap/wrap_0/0223_0050_0185_0065_0065.jpg 1 50 185 65 65
wrap/wrap_0/0224_0159_0247_0242_0242.jpg 1 159 247 242 242
wrap/wrap_0/0225_0047_0159_0213_0213.jpg 1 47 159 213 213
wrap/wrap_0/0226_0118_0140_0233_0233.jpg 1 118 140 233 233
wrap/wrap_0/0227_0337_0205_0164_0164.jpg 1 337 205 164 164
wrap/wrap_0/0228_0107_0275_0112_0112.jpg 1 107 275 112 112
wrap/wrap_0/0229_0151_0038_0320_0320.jpg 1 151 38 320 320
wrap/wrap_0/0230_0242_0122_0319_0319.jpg 1 242 122 319 319
wrap/wrap_0/0231_0144_0108_0293_0293.jpg 1 144 108 293 293
wrap/wrap_0/0232_0061_0296_0235_0235.jpg 1 61 296 235 235
wrap/wrap_0/0233_0068_0131_0204_0204.jpg 1 68 131 204 204
wrap/wrap_0/0234_0215_0027_0254_0254.jpg 1 215 27 254 254
wrap/wrap_0/0235_0132_0031_0278_0278.jpg 1 132 31 278 278
wrap/wrap_0/0236_0271_0293_0064_0064.jpg 1 271 293 64 64
wrap/wrap_0/0237_0117_0055_0146_0146.jpg 1 117 55 146 146
wrap/wrap_0/0238_0237_0125_0306_0306.jpg 1 237 125 306 306
wrap/wrap_0/0239_0088_0095_0334_0334.jpg 1 88 95 334 334
wrap/wrap_0/0240_0368_0239_0136_0136.jpg 1 368 239 136 136
wrap/wrap_0/0241_0319_0183_0191_0191.jpg 1 319 183 191 191
wrap/wrap_0/0242_0118_0193_0178_0178.jpg 1 118 193 178 178
wrap/wrap_0/0243_0115_0032_0288_0288.jpg 1 115 32 288 288
wrap/wrap_0/0244_0122_0222_0313_0313.jpg 1 122 222 313 313
wrap/wrap_0/0245_0152_0128_0215_0215.jpg 1 152 128 215 215
wrap/wrap_0/0246_0271_0173_0153_0153.jpg 1 271 173 153 153
wrap/wrap_0/0247_0119_0069_0332_0332.jpg 1 119 69 332 332
wrap/wrap_0/0248_0191_0147_0135_0135.jpg 1 191 147 135 135
wrap/wrap_0/0249_0261_0103_0119_0119.jpg 1 261 103 119 119
wrap/wrap_0/0250_0095_0077_0202_0202.jpg 1 95 77 202 202
wrap/wrap_0/0251_0117_0103_0277_0277.jpg 1 117 103 277 277
wrap/wrap_0/0252_0297_0111_0238_0238.jpg 1 297 111 238 238
wrap/wrap_0/0253_0089_0049_0158_0158.jpg 1 89 49 158 158
wrap/wrap_0/0254_0089_0077_0225_0225.jpg 1 89 77 225 225
wrap/wrap_0/0255_0394_0043_0122_0122.jpg 1 394 43 122 122
wrap/wrap_0/0256_0161_0237_0108_0108.jpg 1 161 237 108 108
wrap/wrap_0/0257_0233_0170_0222_0222.jpg 1 233 170 222 222
wrap/wrap_0/0258_0059_0047_0172_0172.jpg 1 59 47 172 172
wrap/wrap_0/0259_0168_0181_0064_0064.jpg 1 168 181 64 64
wrap/wrap_0/0260_0434_0247_0091_0091.jpg 1 434 247 91 91
wrap/wrap_0/0261_0312_0159_0136_0136.jpg 1 312 159 136 136
wrap/wrap_0/0262_0072_0096_0143_0143.jpg 1 72 96 143 143
wrap/wrap_0/0263_0260_0044_0283_0283.jpg 1 260 44 283 283
wrap/wrap_0/0264_0086_0238_0244_0244.jpg 1 86 238 244 244
wrap/wrap_0/0265_0221_0153_0244_0244.jpg 1 221 153 244 244
wrap/wrap_0/0266_0055_0252_0156_0156.jpg 1 55 252 156 156
wrap/wrap_0/0267_0314_0083_0078_0078.jpg 1 314 83 78 78
wrap/wrap_0/0268_0116_0303_0223_0223.jpg 1 116 303 223 223
wrap/wrap_0/0269_0089_0088_0260_0260.jpg 1 89 88 260 260
wrap/wrap_0/0270_0170_0040_0263_0263.jpg 1 170 40 263 263
wrap/wrap_0/0271_0144_0168_0224_0224.jpg 1 144 168 224 224
wrap/wrap_0/0272_0262_0268_0054_0054.jpg 1 262 268 54 54
wrap/wrap_0/0273_0036_0139_0292_0292.jpg 1 36 139 292 292
wrap/wrap_0/0274_0114_0272_0048_0048.jpg 1 114 272 48 48
wrap/wrap_0/0275_0116_0141_0188_0188.jpg 1 116 141 188 188
wrap/wrap_0/0276_0190_0057_0140_0140.jpg 1 190 57 140 140
wrap/wrap_0/0277_0140_0038_0272_0272.jpg 1 140 38 272 272
wrap/wrap_0/0278_0111_0372_0125_0125.jpg 1 111 372 125 125
wrap/wrap_0/0279_0190_0051_0115_0115.jpg 1 190 51 115 115
wrap/wrap_0/0280_0321_0074_0212_0212.jpg 1 321 74 212 212
wrap/wrap_0/0281_0201_0112_0323_0323.jpg 1 201 112 323 323
wrap/wrap_0/0282_0321_0174_0198_0198.jpg 1 321 174 198 198
wrap/wrap_0/0283_0216_0086_0311_0311.jpg 1 216 86 311 311
wrap/wrap_0/0284_0116_0111_0086_0086.jpg 1 116 111 86 86
wrap/wrap_0/0285_0298_0135_0178_0178.jpg 1 298 135 178 178
wrap/wrap_0/0286_0201_0067_0330_0330.jpg 1 201 67 330 330
wrap/wrap_0/0287_0049_0040_0280_0280.jpg 1 49 40 280 280
wrap/wrap_0/0288_0345_0204_0130_0130.jpg 1 345 204 130 130
wrap/wrap_0/0289_0163_0215_0133_0133.jpg 1 163 215 133 133
wrap/wrap_0/0290_0156_0055_0289_0289.jpg 1 156 55 289 289
wrap/wrap_0/0291_0197_0056_0272_0272.jpg 1 197 56 272 272
wrap/wrap_0/0292_0149_0279_0284_0284.jpg 1 149 279 284 284
wrap/wrap_0/0293_0183_0276_0108_0108.jpg 1 183 276 108 108
wrap/wrap_0/0294_0102_0080_0293_0293.jpg 1 102 80 293 293
wrap/wrap_0/0295_0192_0033_0296_0296.jpg 1 192 33 296 296
wrap/wrap_0/0296_0122_0295_0049_0049.jpg 1 122 295 49 49
wrap/wrap_0/0297_0219_0067_0200_0200.jpg 1 219 67 200 200
wrap/wrap_0/0298_0218_0120_0328_0328.jpg 1 218 120 328 328
wrap/wrap_0/0299_0266_0103_0301_0301.jpg 1 266 103 301 301
wrap/wrap_0/0300_0158_0103_0286_0286.jpg 1 158 103 286 286
wrap/wrap_0/0301_0074_0036_0289_0289.jpg 1 74 36 289 289
wrap/wrap_0/0302_0168_0064_0332_0332.jpg 1 168 64 332 332
wrap/wrap_0/0303_0029_0225_0329_0329.jpg 1 29 225 329 329
wrap/wrap_0/0304_0145_0154_0234_0234.jpg 1 145 154 234 234
wrap/wrap_0/0305_0396_0165_0096_0096.jpg 1 396 165 96 96
wrap/wrap_0/0306_0196_0128_0304_0304.jpg 1 196 128 304 304
wrap/wrap_0/0307_0028_0044_0285_0285.jpg 1 28 44 285 285
wrap/wrap_0/0308_0143_0109_0291_0291.jpg 1 143 109 291 291
wrap/wrap_0/0309_0118_0217_0318_0318.jpg 1 118 217 318 318
wrap/wrap_0/0310_0198_0138_0148_0148.jpg 1 198 138 148 148
wrap/wrap_0/0311_0239_0224_0079_0079.jpg 1 239 224 79 79
wrap/wrap_0/0312_0430_0153_0058_0058.jpg 1 430 153 58 58
wrap/wrap_0/0313_0437_0305_0074_0074.jpg 1 437 305 74 74
wrap/wrap_0/0314_0210_0169_0173_0173.jpg 1 210 169 173 173
wrap/wrap_0/0315_0128_0110_0264_0264.jpg 1 128 110 264 264
wrap/wrap_0/0316_0119_0115_0286_0286.jpg 1 119 115 286 286
wrap/wrap_0/0317_0241_0034_0313_0313.jpg 1 241 34 313 313
wrap/wrap_0/0318_0114_0129_0312_0312.jpg 1 114 129 312 312
wrap/wrap_0/0319_0337_0234_0055_0055.jpg 1 337 234 55 55
wrap/wrap_0/0320_0073_0162_0275_0275.jpg 1 73 162 275 275
wrap/wrap_0/0321_0379_0308_0077_0077.jpg 1 379 308 77 77
wrap/wrap_0/0322_0116_0224_0088_0088.jpg 1 116 224 88 88
wrap/wrap_0/0323_0097_0112_0296_0296.jpg 1 97 112 296 296
wrap/wrap_0/0324_0216_0142_0286_0286.jpg 1 216 142 286 286
wrap/wrap_0/0325_0134_0062_0264_0264.jpg 1 134 62 264 264
wrap/wrap_0/0326_0103_0109_0189_0189.jpg 1 103 109 189 189
wrap/wrap_0/0327_0227_0074_0270_0270.jpg 1 227 74 270 270
wrap/wrap_0/0328_0258_0058_0257_0257.jpg 1 258 58 257 257
wrap/wrap_0/0329_0044_0051_0241_0241.jpg 1 44 51 241 241
wrap/wrap_0/0330_0258_0194_0180_0180.jpg 1 258 194 180 180
wrap/wrap_0/0331_0116_0091_0157_0157.jpg 1 116 91 157 157
wrap/wrap_0/0332_0046_0108_0149_0149.jpg 1 46 108 149 149
wrap/wrap_0/0333_0106_0238_0120_0120.jpg 1 106 238 120 120
wrap/wrap_0/0334_0095_0028_0320_0320.jpg 1 95 28 320 320
wrap/wrap_0/0335_0151_0289_0053_0053.jpg 1 151 289 53 53
wrap/wrap_0/0336_0155_0029_0332_0332.jpg 1 155 29 332 332
wrap/wrap_0/0337_0113_0054_0253_0253.jpg 1 113 54 253 253
wrap/wrap_0/0338_0256_0102_0169_0169.jpg 1 256 102 169 169
wrap/wrap_0/0339_0172_0132_0102_0102.jpg 1 172 132 102 102
wrap/wrap_0/0340_0229_0196_0120_0120.jpg 1 229 196 120 120
wrap/wrap_0/0341_0128_0215_0136_0136.jpg 1 128 215 136 136
wrap/wrap_0/0342_0328_0076_0210_0210.jpg 1 328 76 210 210
wrap/wrap_0/0343_0071_0119_0112_0112.jpg 1 71 119 112 112
wrap/wrap_0/0344_0250_0052_0316_0316.jpg 1 250 52 316 316
wrap/wrap_0/0345_0127_0084_0249_0249.jpg 1 127 84 249 249
wrap/wrap_0/0346_0423_0228_0102_0102.jpg 1 423 228 102 102
wrap/wrap_0/0347_0113_0046_0194_0194.jpg 1 113 46 194 194
wrap/wrap_0/0348_0115_0083_0320_0320.jpg 1 115 83 320 320
wrap/wrap_0/0349_0101_0162_0275_0275.jpg 1 101 162 275 275
wrap/wrap_0/0350_0156_0111_0303_0303.jpg 1 156 111 303 303
wrap/wrap_0/0351_0169_0176_0220_0220.jpg 1 169 176 220 220
wrap/wrap_0/0352_0108_0166_0245_0245.jpg 1 108 166 245 245
wrap/wrap_0/0353_0121_0147_0068_0068.jpg 1 121 147 68 68
wrap/wrap_0/0354_0199_0200_0072_0072.jpg 1 199 200 72 72
wrap/wrap_0/0355_0129_0081_0333_0333.jpg 1 129 81 333 333
wrap/wrap_0/0356_0234_0058_0136_0136.jpg 1 234 58 136 136
wrap/wrap_0/0357_0081_0048_0214_0214.jpg 1 81 48 214 214
wrap/wrap_0/0358_0153_0109_0317_0317.jpg 1 153 109 317 317
wrap/wrap_0/0359_0073_0046_0231_0231.jpg 1 73 46 231 231
wrap/wrap_0/0360_0252_0081_0111_0111.jpg 1 252 81 111 111
wrap/wrap_0/0361_0203_0071_0239_0239.jpg 1 203 71 239 239
wrap/wrap_0/0362_0243_0113_0222_0222.jpg 1 243 113 222 222
wrap/wrap_0/0363_0069_0263_0206_0206.jpg 1 69 263 206 206
wrap/wrap_0/0364_0159_0108_0315_0315.jpg 1 159 108 315 315
wrap/wrap_0/0365_0139_0118_0086_0086.jpg 1 139 118 86 86
wrap/wrap_0/0366_0343_0261_0104_0104.jpg 1 343 261 104 104
wrap/wrap_0/0367_0212_0131_0112_0112.jpg 1 212 131 112 112
wrap/wrap_0/0368_0146_0293_0075_0075.jpg 1 146 293 75 75
wrap/wrap_0/0369_0308_0150_0224_0224.jpg 1 308 150 224 224
wrap/wrap_0/0370_0146_0180_0167_0167.jpg 1 146 180 167 167
wrap/wrap_0/0371_0371_0205_0099_0099.jpg 1 371 205 99 99
wrap/wrap_0/0372_0153_0020_0295_0295.jpg 1 153 20 295 295
wrap/wrap_0/0373_0126_0217_0181_0181.jpg 1 126 217 181 181
wrap/wrap_0/0374_0221_0108_0235_0235.jpg 1 221 108 235 235
wrap/wrap_0/0375_0245_0130_0212_0212.jpg 1 245 130 212 212
wrap/wrap_0/0376_0281_0307_0057_0057.jpg 1 281 307 57 57
wrap/wrap_0/0377_0157_0054_0192_0192.jpg 1 157 54 192 192
wrap/wrap_0/0378_0150_0051_0155_0155.jpg 1 150 51 155 155
wrap/wrap_0/0379_0127_0246_0119_0119.jpg 1 127 246 119 119
wrap/wrap_0/0380_0266_0115_0055_0055.jpg 1 266 115 55 55
wrap/wrap_0/0381_0273_0067_0178_0178.jpg 1 273 67 178 178
wrap/wrap_0/0382_0206_0079_0171_0171.jpg 1 206 79 171 171
wrap/wrap_0/0383_0152_0072_0130_0130.jpg 1 152 72 130 130
wrap/wrap_0/0384_0123_0224_0303_0303.jpg 1 123 224 303 303
wrap/wrap_0/0385_0172_0116_0221_0221.jpg 1 172 116 221 221
wrap/wrap_0/0386_0224_0043_0253_0253.jpg 1 224 43 253 253
wrap/wrap_0/0387_0181_0131_0275_0275.jpg 1 181 131 275 275
wrap/wrap_0/0388_0202_0062_0240_0240.jpg 1 202 62 240 240
wrap/wrap_0/0389_0091_0107_0059_0059.jpg 1 91 107 59 59
wrap/wrap_0/0390_0172_0126_0250_0250.jpg 1 172 126 250 250
wrap/wrap_0/0391_0216_0210_0194_0194.jpg 1 216 210 194 194
wrap/wrap_0/0392_0191_0129_0225_0225.jpg 1 191 129 225 225
wrap/wrap_0/0393_0087_0104_0173_0173.jpg 1 87 104 173 173
wrap/wrap_0/0394_0066_0144_0255_0255.jpg 1 66 144 255 255
wrap/wrap_0/0395_0121_0146_0283_0283.jpg 1 121 146 283 283
wrap/wrap_0/0396_0222_0099_0186_0186.jpg 1 222 99 186 186
wrap/wrap_0/0397_0155_0107_0326_0326.jpg 1 155 107 326 326
wrap/wrap_0/0398_0158_0086_0240_0240.jpg 1 158 86 240 240
wrap/wrap_0/0399_0289_0142_0215_0215.jpg 1 289 142 215 215
wrap/wrap_0/0400_0163_0064_0334_0334.jpg 1 163 64 334 334
wrap/wrap_0/0401_0127_0060_0246_0246.jpg 1 127 60 246 246
wrap/wrap_0/0402_0039_0113_0257_0257.jpg 1 39 113 257 257
wrap/wrap_0/0403_0162_0247_0156_0156.jpg 1 162 247 156 156
wrap/wrap_0/0404_0273_0306_0072_0072.jpg 1 273 306 72 72
wrap/wrap_0/0405_0305_0161_0172_0172.jpg 1 305 161 172 172
wrap/wrap_0/0406_0111_0177_0258_0258.jpg 1 111 177 258 258
wrap/wrap_0/0407_0032_0118_0100_0100.jpg 1 32 118 100 100
wrap/wrap_0/0408_0257_0332_0049_0049.jpg 1 257 332 49 49
wrap/wrap_0/0409_0248_0015_0328_0328.jpg 1 248 15 328 328
wrap/wrap_0/0410_0223_0287_0108_0108.jpg 1 223 287 108 108
wrap/wrap_0/0411_0228_0137_0132_0132.jpg 1 228 137 132 132
wrap/wrap_0/0412_0296_0094_0104_0104.jpg 1 296 94 104 104
wrap/wrap_0/0413_0108_0252_0149_0149.jpg 1 108 252 149 149
wrap/wrap_0/0414_0129_0040_0317_0317.jpg 1 129 40 317 317
wrap/wrap_0/0415_0074_0021_0335_0335.jpg 1 74 21 335 335
wrap/wrap_0/0416_0149_0077_0114_0114.jpg 1 149 77 114 114
wrap/wrap_0/0417_0127_0128_0151_0151.jpg 1 127 128 151 151
wrap/wrap_0/0418_0351_0099_0152_0152.jpg 1 351 99 152 152
wrap/wrap_0/0419_0056_0123_0240_0240.jpg 1 56 123 240 240
wrap/wrap_0/0420_0154_0111_0209_0209.jpg 1 154 111 209 209
wrap/wrap_0/0421_0097_0246_0319_0319.jpg 1 97 246 319 319
wrap/wrap_0/0422_0066_0080_0304_0304.jpg 1 66 80 304 304
wrap/wrap_0/0423_0143_0201_0218_0218.jpg 1 143 201 218 218
wrap/wrap_0/0424_0314_0096_0064_0064.jpg 1 314 96 64 64
wrap/wrap_0/0425_0071_0054_0275_0275.jpg 1 71 54 275 275
wrap/wrap_0/0426_0233_0124_0167_0167.jpg 1 233 124 167 167
wrap/wrap_0/0427_0040_0091_0304_0304.jpg 1 40 91 304 304
wrap/wrap_0/0428_0144_0075_0257_0257.jpg 1 144 75 257 257
wrap/wrap_0/0429_0384_0203_0144_0144.jpg 1 384 203 144 144
wrap/wrap_0/0430_0187_0095_0102_0102.jpg 1 187 95 102 102
wrap/wrap_0/0431_0194_0095_0092_0092.jpg 1 194 95 92 92
wrap/wrap_0/0432_0220_0046_0215_0215.jpg 1 220 46 215 215
wrap/wrap_0/0433_0068_0396_0086_0086.jpg 1 68 396 86 86
wrap/wrap_0/0434_0064_0135_0185_0185.jpg 1 64 135 185 185
wrap/wrap_0/0435_0312_0080_0198_0198.jpg 1 312 80 198 198
wrap/wrap_0/0436_0077_0112_0108_0108.jpg 1 77 112 108 108
wrap/wrap_0/0437_0132_0159_0268_0268.jpg 1 132 159 268 268
wrap/wrap_0/0438_0086_0182_0191_0191.jpg 1 86 182 191 191
wrap/wrap_0/0439_0136_0073_0301_0301.jpg 1 136 73 301 301
wrap/wrap_0/0440_0077_0098_0066_0066.jpg 1 77 98 66 66
wrap/wrap_0/0441_0266_0036_0262_0262.jpg 1 266 36 262 262
wrap/wrap_0/0442_0290_0152_0241_0241.jpg 1 290 152 241 241
wrap/wrap_0/0443_0038_0087_0179_0179.jpg 1 38 87 179 179
wrap/wrap_0/0444_0226_0222_0122_0122.jpg 1 226 222 122 122
wrap/wrap_0/0445_0231_0041_0259_0259.jpg 1 231 41 259 259
wrap/wrap_0/0446_0308_0065_0145_0145.jpg 1 308 65 145 145
wrap/wrap_0/0447_0231_0048_0178_0178.jpg 1 231 48 178 178
wrap/wrap_0/0448_0139_0101_0325_0325.jpg 1 139 101 325 325
wrap/wrap_0/0449_0156_0148_0231_0231.jpg 1 156 148 231 231
wrap/wrap_0/0450_0192_0109_0273_0273.jpg 1 192 109 273 273
wrap/wrap_0/0451_0275_0056_0279_0279.jpg 1 275 56 279 279
wrap/wrap_0/0452_0177_0069_0295_0295.jpg 1 177 69 295 295
wrap/wrap_0/0453_0101_0104_0188_0188.jpg 1 101 104 188 188
wrap/wrap_0/0454_0065_0142_0113_0113.jpg 1 65 142 113 113
wrap/wrap_0/0455_0282_0248_0067_0067.jpg 1 282 248 67 67
wrap/wrap_0/0456_0335_0198_0085_0085.jpg 1 335 198 85 85
wrap/wrap_0/0457_0053_0261_0299_0299.jpg 1 53 261 299 299
wrap/wrap_0/0458_0209_0142_0261_0261.jpg 1 209 142 261 261
wrap/wrap_0/0459_0247_0118_0225_0225.jpg 1 247 118 225 225
wrap/wrap_0/0460_0247_0107_0266_0266.jpg 1 247 107 266 266
wrap/wrap_0/0461_0198_0068_0095_0095.jpg 1 198 68 95 95
wrap/wrap_0/0462_0250_0042_0194_0194.jpg 1 250 42 194 194
wrap/wrap_0/0463_0279_0200_0206_0206.jpg 1 279 200 206 206
wrap/wrap_0/0464_0116_0075_0317_0317.jpg 1 116 75 317 317
wrap/wrap_0/0465_0163_0109_0314_0314.jpg 1 163 109 314 314
wrap/wrap_0/0466_0079_0448_0049_0049.jpg 1 79 448 49 49
wrap/wrap_0/0467_0129_0187_0289_0289.jpg 1 129 187 289 289
wrap/wrap_0/0468_0190_0106_0064_0064.jpg 1 190 106 64 64
wrap/wrap_0/0469_0391_0111_0144_0144.jpg 1 391 111 144 144
wrap/wrap_0/0470_0239_0094_0317_0317.jpg 1 239 94 317 317
wrap/wrap_0/0471_0085_0211_0154_0154.jpg 1 85 211 154 154
wrap/wrap_0/0472_0239_0091_0053_0053.jpg 1 239 91 53 53
wrap/wrap_0/0473_0176_0182_0107_0107.jpg 1 176 182 107 107
wrap/wrap_0/0474_0159_0130_0107_0107.jpg 1 159 130 107 107
wrap/wrap_0/0475_0204_0099_0246_0246.jpg 1 204 99 246 246
wrap/wrap_0/0476_0267_0434_0069_0069.jpg 1 267 434 69 69
wrap/wrap_0/0477_0186_0071_0171_0171.jpg 1 186 71 171 171
wrap/wrap_0/0478_0255_0036_0257_0257.jpg 1 255 36 257 257
wrap/wrap_0/0479_0313_0198_0131_0131.jpg 1 313 198 131 131
wrap/wrap_0/0480_0215_0291_0096_0096.jpg 1 215 291 96 96
wrap/wrap_0/0481_0172_0122_0138_0138.jpg 1 172 122 138 138
wrap/wrap_0/0482_0295_0103_0090_0090.jpg 1 295 103 90 90
wrap/wrap_0/0483_0102_0065_0238_0238.jpg 1 102 65 238 238
wrap/wrap_0/0484_0258_0049_0295_0295.jpg 1 258 49 295 295
wrap/wrap_0/0485_0365_0039_0150_0150.jpg 1 365 39 150 150
wrap/wrap_0/0486_0235_0081_0272_0272.jpg 1 235 81 272 272
wrap/wrap_0/0487_0341_0097_0162_0162.jpg 1 341 97 162 162
wrap/wrap_0/0488_0227_0026_0321_0321.jpg 1 227 26 321 321
wrap/wrap_0/0489_0157_0056_0304_0304.jpg 1 157 56 304 304
wrap/wrap_0/0490_0395_0088_0118_0118.jpg 1 395 88 118 118
wrap/wrap_0/0491_0298_0106_0143_0143.jpg 1 298 106 143 143
wrap/wrap_0/0492_0136_0048_0247_0247.jpg 1 136 48 247 247
wrap/wrap_0/0493_0257_0074_0158_0158.jpg 1 257 74 158 158
wrap/wrap_0/0494_0229_0116_0298_0298.jpg 1 229 116 298 298
wrap/wrap_0/0495_0172_0140_0215_0215.jpg 1 172 140 215 215
wrap/wrap_0/0496_0140_0183_0176_0176.jpg 1 140 183 176 176
wrap/wrap_0/0497_0228_0045_0335_0335.jpg 1 228 45 335 335
wrap/wrap_0/0498_0060_0123_0266_0266.jpg 1 60 123 266 266
wrap/wrap_0/0499_0335_0083_0061_0061.jpg 1 335 83 61 61
wrap/wrap_0/0500_0118_0092_0270_0270.jpg 1 118 92 270 270
wrap/wrap_0/0501_0293_0066_0090_0090.jpg 1 293 66 90 90
wrap/wrap_0/0502_0217_0061_0306_0306.jpg 1 217 61 306 306
wrap/wrap_0/0503_0054_0152_0118_0118.jpg 1 54 152 118 118
wrap/wrap_0/0504_0426_0148_0058_0058.jpg 1 426 148 58 58
wrap/wrap_0/0505_0053_0033_0330_0330.jpg 1 53 33 330 330
wrap/wrap_0/0506_0441_0055_0050_0050.jpg 1 441 55 50 50
wrap/wrap_0/0507_0350_0204_0142_0142.jpg 1 350 204 142 142
wrap/wrap_0/0508_0050_0239_0248_0248.jpg 1 50 239 248 248
wrap/wrap_0/0509_0036_0081_0221_0221.jpg 1 36 81 221 221
wrap/wrap_0/0510_0131_0190_0265_0265.jpg 1 131 190 265 265
wrap/wrap_0/0511_0127_0160_0136_0136.jpg 1 127 160 136 136
wrap/wrap_0/0512_0365_0110_0111_0111.jpg 1 365 110 111 111
wrap/wrap_0/0513_0158_0153_0144_0144.jpg 1 158 153 144 144
wrap/wrap_0/0514_0116_0200_0109_0109.jpg 1 116 200 109 109
wrap/wrap_0/0515_0204_0060_0126_0126.jpg 1 204 60 126 126
wrap/wrap_0/0516_0138_0218_0177_0177.jpg 1 138 218 177 177
wrap/wrap_0/0517_0197_0078_0282_0282.jpg 1 197 78 282 282
wrap/wrap_0/0518_0396_0241_0097_0097.jpg 1 396 241 97 97
wrap/wrap_0/0519_0253_0172_0212_0212.jpg 1 253 172 212 212
wrap/wrap_0/0520_0321_0110_0096_0096.jpg 1 321 110 96 96
wrap/wrap_0/0521_0301_0134_0221_0221.jpg 1 301 134 221 221
wrap/wrap_0/0522_0049_0151_0273_0273.jpg 1 49 151 273 273
wrap/wrap_0/0523_0166_0152_0265_0265.jpg 1 166 152 265 265
wrap/wrap_0/0524_0218_0083_0322_0322.jpg 1 218 83 322 322
wrap/wrap_0/0525_0124_0115_0307_0307.jpg 1 124 115 307 307
wrap/wrap_0/0526_0423_0123_0057_0057.jpg 1 423 123 57 57
wrap/wrap_0/0527_0331_0303_0090_0090.jpg 1 331 303 90 90
wrap/wrap_0/0528_0302_0327_0076_0076.jpg 1 302 327 76 76
wrap/wrap_0/0529_0182_0105_0098_0098.jpg 1 182 105 98 98
wrap/wrap_0/0530_0247_0177_0149_0149.jpg 1 247 177 149 149
wrap/wrap_0/0531_0215_0025_0307_0307.jpg 1 215 25 307 307
wrap/wrap_0/0532_0121_0237_0075_0075.jpg 1 121 237 75 75
wrap/wrap_0/0533_0286_0168_0082_0082.jpg 1 286 168 82 82
wrap/wrap_0/0534_0274_0069_0216_0216.jpg 1 274 69 216 216
wrap/wrap_0/0535_0099_0160_0154_0154.jpg 1 99 160 154 154
wrap/wrap_0/0536_0146_0131_0272_0272.jpg 1 146 131 272 272
wrap/wrap_0/0537_0273_0210_0170_0170.jpg 1 273 210 170 170
wrap/wrap_0/0538_0238_0107_0291_0291.jpg 1 238 107 291 291
wrap/wrap_0/0539_0095_0213_0050_0050.jpg 1 95 213 50 50
wrap/wrap_0/0540_0377_0208_0149_0149.jpg 1 377 208 149 149
wrap/wrap_0/0541_0097_0250_0314_0314.jpg 1 97 250 314 314
wrap/wrap_0/0542_0208_0057_0098_0098.jpg 1 208 57 98 98
wrap/wrap_0/0543_0430_0107_0093_0093.jpg 1 430 107 93 93
wrap/wrap_0/0544_0174_0111_0277_0277.jpg 1 174 111 277 277
wrap/wrap_0/0545_0182_0183_0250_0250.jpg 1 182 183 250 250
wrap/wrap_0/0546_0100_0191_0189_0189.jpg 1 100 191 189 189
wrap/wrap_0/0547_0113_0151_0140_0140.jpg 1 113 151 140 140
wrap/wrap_0/0548_0264_0079_0302_0302.jpg 1 264 79 302 302
wrap/wrap_0/0549_0060_0166_0252_0252.jpg 1 60 166 252 252
wrap/wrap_0/0550_0405_0205_0068_0068.jpg 1 405 205 68 68
wrap/wrap_0/0551_0339_0151_0212_0212.jpg 1 339 151 212 212
wrap/wrap_0/0552_0152_0141_0075_0075.jpg 1 152 141 75 75
wrap/wrap_0/0553_0231_0052_0171_0171.jpg 1 231 52 171 171
wrap/wrap_0/0554_0139_0305_0146_0146.jpg 1 139 305 146 146
wrap/wrap_0/0555_0062_0169_0071_0071.jpg 1 62 169 71 71
wrap/wrap_0/0556_0138_0052_0293_0293.jpg 1 138 52 293 293
wrap/wrap_0/0557_0116_0197_0279_0279.jpg 1 116 197 279 279
wrap/wrap_0/0558_0170_0066_0315_0315.jpg 1 170 66 315 315
wrap/wrap_0/0559_0028_0069_0257_0257.jpg 1 28 69 257 257
wrap/wrap_0/0560_0160_0112_0246_0246.jpg 1 160 112 246 246
wrap/wrap_0/0561_0251_0150_0131_0131.jpg 1 251 150 131 131
wrap/wrap_0/0562_0330_0076_0150_0150.jpg 1 330 76 150 150
wrap/wrap_0/0563_0073_0175_0231_0231.jpg 1 73 175 231 231
wrap/wrap_0/0564_0144_0048_0210_0210.jpg 1 144 48 210 210
wrap/wrap_0/0565_0071_0077_0266_0266.jpg 1 71 77 266 266
wrap/wrap_0/0566_0352_0284_0075_0075.jpg 1 352 284 75 75
wrap/wrap_0/0567_0060_0219_0155_0155.jpg 1 60 219 155 155
wrap/wrap_0/0568_0083_0048_0051_0051.jpg 1 83 48 51 51
wrap/wrap_0/0569_0190_0313_0177_0177.jpg 1 190 313 177 177
wrap/wrap_0/0570_0092_0231_0049_0049.jpg 1 92 231 49 49
wrap/wrap_0/0571_0203_0208_0096_0096.jpg 1 203 208 96 96
wrap/wrap_0/0572_0149_0179_0151_0151.jpg 1 149 179 151 151
wrap/wrap_0/0573_0110_0177_0086_0086.jpg 1 110 177 86 86
wrap/wrap_0/0574_0257_0072_0281_0281.jpg 1 257 72 281 281
wrap/wrap_0/0575_0410_0061_0123_0123.jpg 1 410 61 123 123
wrap/wrap_0/0576_0336_0223_0061_0061.jpg 1 336 223 61 61
wrap/wrap_0/0577_0221_0149_0201_0201.jpg 1 221 149 201 201
wrap/wrap_0/0578_0282_0080_0269_0269.jpg 1 282 80 269 269
wrap/wrap_0/0579_0140_0228_0267_0267.jpg 1 140 228 267 267
wrap/wrap_0/0580_0220_0133_0084_0084.jpg 1 220 133 84 84
wrap/wrap_0/0581_0060_0229_0113_0113.jpg 1 60 229 113 113
wrap/wrap_0/0582_0107_0076_0295_0295.jpg 1 107 76 295 295
wrap/wrap_0/0583_0456_0266_0048_0048.jpg 1 456 266 48 48
wrap/wrap_0/0584_0080_0326_0071_0071.jpg 1 80 326 71 71
wrap/wrap_0/0585_0358_0248_0154_0154.jpg 1 358 248 154 154
wrap/wrap_0/0586_0454_0260_0070_0070.jpg 1 454 260 70 70
wrap/wrap_0/0587_0089_0102_0246_0246.jpg 1 89 102 246 246
wrap/wrap_0/0588_0167_0069_0155_0155.jpg 1 167 69 155 155
wrap/wrap_0/0589_0198_0229_0083_0083.jpg 1 198 229 83 83
wrap/wrap_0/0590_0195_0061_0164_0164.jpg 1 195 61 164 164
wrap/wrap_0/0591_0119_0303_0100_0100.jpg 1 119 303 100 100
wrap/wrap_0/0592_0405_0266_0109_0109.jpg 1 405 266 109 109
wrap/wrap_0/0593_0225_0330_0156_0156.jpg 1 225 330 156 156
wrap/wrap_0/0594_0143_0198_0053_0053.jpg 1 143 198 53 53
wrap/wrap_0/0595_0068_0182_0186_0186.jpg 1 68 182 186 186
wrap/wrap_0/0596_0396_0152_0132_0132.jpg 1 396 152 132 132
wrap/wrap_0/0597_0306_0084_0071_0071.jpg 1 306 84 71 71
wrap/wrap_0/0598_0062_0134_0311_0311.jpg 1 62 134 311 311
wrap/wrap_0/0599_0225_0095_0310_0310.jpg 1 225 95 310 310
wrap/wrap_0/0600_0455_0083_0059_0059.jpg 1 455 83 59 59
wrap/wrap_0/0601_0389_0047_0147_0147.jpg 1 389 47 147 147
wrap/wrap_0/0602_0370_0244_0143_0143.jpg 1 370 244 143 143
wrap/wrap_0/0603_0186_0116_0263_0263.jpg 1 186 116 263 263
wrap/wrap_0/0604_0242_0173_0208_0208.jpg 1 242 173 208 208
wrap/wrap_0/0605_0155_0067_0276_0276.jpg 1 155 67 276 276
wrap/wrap_0/0606_0149_0272_0060_0060.jpg 1 149 272 60 60
wrap/wrap_0/0607_0239_0072_0261_0261.jpg 1 239 72 261 261
wrap/wrap_0/0608_0055_0419_0092_0092.jpg 1 55 419 92 92
wrap/wrap_0/0609_0217_0111_0192_0192.jpg 1 217 111 192 192
wrap/wrap_0/0610_0018_0267_0303_0303.jpg 1 18 267 303 303
wrap/wrap_0/0611_0141_0053_0093_0093.jpg 1 141 53 93 93
wrap/wrap_0/0612_0309_0164_0251_0251.jpg 1 309 164 251 251
wrap/wrap_0/0613_0238_0046_0145_0145.jpg 1 238 46 145 145
wrap/wrap_0/0614_0293_0113_0232_0232.jpg 1 293 113 232 232
wrap/wrap_0/0615_0278_0042_0207_0207.jpg 1 278 42 207 207
wrap/wrap_0/0616_0151_0067_0299_0299.jpg 1 151 67 299 299
wrap/wrap_0/0617_0207_0110_0335_0335.jpg 1 207 110 335 335
wrap/wrap_0/0618_0076_0070_0236_0236.jpg 1 76 70 236 236
wrap/wrap_0/0619_0077_0042_0284_0284.jpg 1 77 42 284 284
wrap/wrap_0/0620_0183_0168_0084_0084.jpg 1 183 168 84 84
wrap/wrap_0/0621_0104_0149_0281_0281.jpg 1 104 149 281 281
wrap/wrap_0/0622_0215_0181_0197_0197.jpg 1 215 181 197 197
wrap/wrap_0/0623_0462_0080_0061_0061.jpg 1 462 80 61 61
wrap/wrap_0/0624_0361_0248_0121_0121.jpg 1 361 248 121 121
wrap/wrap_0/0625_0147_0055_0292_0292.jpg 1 147 55 292 292
wrap/wrap_0/0626_0178_0036_0238_0238.jpg 1 178 36 238 238
wrap/wrap_0/0627_0140_0221_0202_0202.jpg 1 140 221 202 202
wrap/wrap_0/0628_0049_0051_0298_0298.jpg 1 49 51 298 298
wrap/wrap_0/0629_0065_0233_0169_0169.jpg 1 65 233 169 169
wrap/wrap_0/0630_0173_0159_0132_0132.jpg 1 173 159 132 132
wrap/wrap_0/0631_0080_0022_0276_0276.jpg 1 80 22 276 276
wrap/wrap_0/0632_0119_0157_0053_0053.jpg 1 119 157 53 53
wrap/wrap_0/0633_0236_0097_0250_0250.jpg 1 236 97 250 250
wrap/wrap_0/0634_0348_0161_0110_0110.jpg 1 348 161 110 110
wrap/wrap_0/0635_0404_0131_0066_0066.jpg 1 404 131 66 66
wrap/wrap_0/0636_0249_0111_0212_0212.jpg 1 249 111 212 212
wrap/wrap_0/0637_0238_0243_0133_0133.jpg 1 238 243 133 133
wrap/wrap_0/0638_0246_0173_0150_0150.jpg 1 246 173 150 150
wrap/wrap_0/0639_0076_0272_0165_0165.jpg 1 76 272 165 165
wrap/wrap_0/0640_0094_0117_0316_0316.jpg 1 94 117 316 316
wrap/wrap_0/0641_0035_0042_0319_0319.jpg 1 35 42 319 319
wrap/wrap_0/0642_0045_0072_0199_0199.jpg 1 45 72 199 199
wrap/wrap_0/0643_0065_0137_0316_0316.jpg 1 65 137 316 316
wrap/wrap_0/0644_0164_0104_0250_0250.jpg 1 164 104 250 250
wrap/wrap_0/0645_0209_0023_0311_0311.jpg 1 209 23 311 311
wrap/wrap_0/0646_0214_0038_0308_0308.jpg 1 214 38 308 308
wrap/wrap_0/0647_0088_0109_0274_0274.jpg 1 88 109 274 274
wrap/wrap_0/0648_0090_0221_0249_0249.jpg 1 90 221 249 249
wrap/wrap_0/0649_0074_0342_0201_0201.jpg 1 74 342 201 201
wrap/wrap_0/0650_0145_0155_0143_0143.jpg 1 145 155 143 143
wrap/wrap_0/0651_0210_0299_0214_0214.jpg 1 210 299 214 214
wrap/wrap_0/0652_0315_0149_0151_0151.jpg 1 315 149 151 151
wrap/wrap_0/0653_0160_0081_0249_0249.jpg 1 160 81 249 249
wrap/wrap_0/0654_0358_0141_0152_0152.jpg 1 358 141 152 152
wrap/wrap_0/0655_0073_0039_0294_0294.jpg 1 73 39 294 294
wrap/wrap_0/0656_0191_0210_0120_0120.jpg 1 191 210 120 120
wrap/wrap_0/0657_0229_0026_0228_0228.jpg 1 229 26 228 228
wrap/wrap_0/0658_0448_0225_0077_0077.jpg 1 448 225 77 77
wrap/wrap_0/0659_0310_0070_0249_0249.jpg 1 310 70 249 249
wrap/wrap_0/0660_0066_0068_0166_0166.jpg 1 66 68 166 166
wrap/wrap_0/0661_0312_0096_0132_0132.jpg 1 312 96 132 132
wrap/wrap_0/0662_0100_0368_0083_0083.jpg 1 100 368 83 83
wrap/wrap_0/0663_0151_0187_0086_0086.jpg 1 151 187 86 86
wrap/wrap_0/0664_0238_0109_0083_0083.jpg 1 238 109 83 83
wrap/wrap_0/0665_0227_0030_0232_0232.jpg 1 227 30 232 232
wrap/wrap_0/0666_0145_0147_0134_0134.jpg 1 145 147 134 134
wrap/wrap_0/0667_0170_0163_0060_0060.jpg 1 170 163 60 60
wrap/wrap_0/0668_0298_0238_0171_0171.jpg 1 298 238 171 171
wrap/wrap_0/0669_0437_0178_0082_0082.jpg 1 437 178 82 82
wrap/wrap_0/0670_0184_0156_0166_0166.jpg 1 184 156 166 166
wrap/wrap_0/0671_0298_0192_0119_0119.jpg 1 298 192 119 119
wrap/wrap_0/0672_0035_0053_0328_0328.jpg 1 35 53 328 328
wrap/wrap_0/0673_0375_0098_0137_0137.jpg 1 375 98 137 137
wrap/wrap_0/0674_0265_0109_0113_0113.jpg 1 265 109 113 113
wrap/wrap_0/0675_0186_0236_0165_0165.jpg 1 186 236 165 165
wrap/wrap_0/0676_0146_0029_0323_0323.jpg 1 146 29 323 323
wrap/wrap_0/0677_0108_0046_0052_0052.jpg 1 108 46 52 52
wrap/wrap_0/0678_0202_0248_0121_0121.jpg 1 202 248 121 121
wrap/wrap_0/0679_0302_0246_0088_0088.jpg 1 302 246 88 88
wrap/wrap_0/0680_0213_0144_0214_0214.jpg 1 213 144 214 214
wrap/wrap_0/0681_0127_0234_0150_0150.jpg 1 127 234 150 150
wrap/wrap_0/0682_0080_0226_0296_0296.jpg 1 80 226 296 296
wrap/wrap_0/0683_0163_0098_0277_0277.jpg 1 163 98 277 277
wrap/wrap_0/0684_0148_0253_0090_0090.jpg 1 148 253 90 90
wrap/wrap_0/0685_0229_0166_0250_0250.jpg 1 229 166 250 250
wrap/wrap_0/0686_0058_0201_0218_0218.jpg 1 58 201 218 218
wrap/wrap_0/0687_0075_0324_0156_0156.jpg 1 75 324 156 156
wrap/wrap_0/0688_0269_0309_0143_0143.jpg 1 269 309 143 143
wrap/wrap_0/0689_0174_0132_0244_0244.jpg 1 174 132 244 244
wrap/wrap_0/0690_0305_0222_0163_0163.jpg 1 305 222 163 163
wrap/wrap_0/0691_0269_0184_0225_0225.jpg 1 269 184 225 225
wrap/wrap_0/0692_0217_0058_0146_0146.jpg 1 217 58 146 146
wrap/wrap_0/0693_0178_0193_0147_0147.jpg 1 178 193 147 147
wrap/wrap_0/0694_0113_0044_0275_0275.jpg 1 113 44 275 275
wrap/wrap_0/0695_0171_0067_0117_0117.jpg 1 171 67 117 117
wrap/wrap_0/0696_0285_0068_0272_0272.jpg 1 285 68 272 272
wrap/wrap_0/0697_0163_0056_0176_0176.jpg 1 163 56 176 176
wrap/wrap_0/0698_0151_0068_0277_0277.jpg 1 151 68 277 277
wrap/wrap_0/0699_0086_0199_0308_0308.jpg 1 86 199 308 308
wrap/wrap_0/0700_0299_0216_0147_0147.jpg 1 299 216 147 147
wrap/wrap_0/0701_0058_0095_0303_0303.jpg 1 58 95 303 303
wrap/wrap_0/0702_0074_0271_0052_0052.jpg 1 74 271 52 52
wrap/wrap_0/0703_0053_0045_0248_0248.jpg 1 53 45 248 248
wrap/wrap_0/0704_0320_0092_0058_0058.jpg 1 320 92 58 58
wrap/wrap_0/0705_0209_0094_0213_0213.jpg 1 209 94 213 213
wrap/wrap_0/0706_0255_0143_0048_0048.jpg 1 255 143 48 48
wrap/wrap_0/0707_0188_0289_0053_0053.jpg 1 188 289 53 53
wrap/wrap_0/0708_0211_0022_0313_0313.jpg 1 211 22 313 313
wrap/wrap_0/0709_0048_0210_0150_0150.jpg 1 48 210 150 150
wrap/wrap_0/0710_0150_0199_0180_0180.jpg 1 150 199 180 180
wrap/wrap_0/0711_0106_0117_0330_0330.jpg 1 106 117 330 330
wrap/wrap_0/0712_0064_0176_0239_0239.jpg 1 64 176 239 239
wrap/wrap_0/0713_0271_0097_0259_0259.jpg 1 271 97 259 259
wrap/wrap_0/0714_0253_0035_0200_0200.jpg 1 253 35 200 200
wrap/wrap_0/0715_0288_0061_0200_0200.jpg 1 288 61 200 200
wrap/wrap_0/0716_0456_0204_0049_0049.jpg 1 456 204 49 49
wrap/wrap_0/0717_0265_0084_0286_0286.jpg 1 265 84 286 286
wrap/wrap_0/0718_0132_0284_0060_0060.jpg 1 132 284 60 60
wrap/wrap_0/0719_0325_0210_0164_0164.jpg 1 325 210 164 164
wrap/wrap_0/0720_0176_0085_0287_0287.jpg 1 176 85 287 287
wrap/wrap_0/0721_0230_0228_0132_0132.jpg 1 230 228 132 132
wrap/wrap_0/0722_0042_0099_0265_0265.jpg 1 42 99 265 265
wrap/wrap_0/0723_0263_0177_0060_0060.jpg 1 263 177 60 60
wrap/wrap_0/0724_0250_0193_0149_0149.jpg 1 250 193 149 149
wrap/wrap_0/0725_0072_0045_0312_0312.jpg 1 72 45 312 312
wrap/wrap_0/0726_0059_0212_0211_0211.jpg 1 59 212 211 211
wrap/wrap_0/0727_0313_0028_0204_0204.jpg 1 313 28 204 204
wrap/wrap_0/0728_0135_0071_0320_0320.jpg 1 135 71 320 320
wrap/wrap_0/0729_0184_0104_0152_0152.jpg 1 184 104 152 152
wrap/wrap_0/0730_0291_0085_0190_0190.jpg 1 291 85 190 190
wrap/wrap_0/0731_0143_0070_0296_0296.jpg 1 143 70 296 296
wrap/wrap_0/0732_0325_0197_0205_0205.jpg 1 325 197 205 205
wrap/wrap_0/0733_0245_0130_0300_0300.jpg 1 245 130 300 300
wrap/wrap_0/0734_0112_0271_0187_0187.jpg 1 112 271 187 187
wrap/wrap_0/0735_0218_0268_0063_0063.jpg 1 218 268 63 63
wrap/wrap_0/0736_0037_0122_0332_0332.jpg 1 37 122 332 332
wrap/wrap_0/0737_0065_0088_0279_0279.jpg 1 65 88 279 279
wrap/wrap_0/0738_0073_0152_0102_0102.jpg 1 73 152 102 102
wrap/wrap_0/0739_0415_0145_0072_0072.jpg 1 415 145 72 72
wrap/wrap_0/0740_0139_0189_0214_0214.jpg 1 139 189 214 214
wrap/wrap_0/0741_0287_0303_0085_0085.jpg 1 287 303 85 85
wrap/wrap_0/0742_0270_0322_0059_0059.jpg 1 270 322 59 59
wrap/wrap_0/0743_0151_0201_0175_0175.jpg 1 151 201 175 175
wrap/wrap_0/0744_0074_0087_0317_0317.jpg 1 74 87 317 317
wrap/wrap_0/0745_0263_0052_0115_0115.jpg 1 263 52 115 115
wrap/wrap_0/0746_0180_0184_0108_0108.jpg 1 180 184 108 108
wrap/wrap_0/0747_0222_0077_0321_0321.jpg 1 222 77 321 321
wrap/wrap_0/0748_0283_0194_0106_0106.jpg 1 283 194 106 106
wrap/wrap_0/0749_0133_0139_0280_0280.jpg 1 133 139 280 280
wrap/wrap_0/0750_0193_0116_0331_0331.jpg 1 193 116 331 331
wrap/wrap_0/0751_0148_0043_0261_0261.jpg 1 148 43 261 261
wrap/wrap_0/0752_0262_0429_0050_0050.jpg 1 262 429 50 50
wrap/wrap_0/0753_0341_0039_0119_0119.jpg 1 341 39 119 119
wrap/wrap_0/0754_0057_0123_0179_0179.jpg 1 57 123 179 179
wrap/wrap_0/0755_0098_0151_0310_0310.jpg 1 98 151 310 310
wrap/wrap_0/0756_0163_0175_0070_0070.jpg 1 163 175 70 70
wrap/wrap_0/0757_0280_0121_0259_0259.jpg 1 280 121 259 259
wrap/wrap_0/0758_0105_0113_0287_0287.jpg 1 105 113 287 287
wrap/wrap_0/0759_0244_0202_0214_0214.jpg 1 244 202 214 214
wrap/wrap_0/0760_0318_0249_0082_0082.jpg 1 318 249 82 82
wrap/wrap_0/0761_0183_0068_0087_0087.jpg 1 183 68 87 87
wrap/wrap_0/0762_0193_0016_0334_0334.jpg 1 193 16 334 334
wrap/wrap_0/0763_0157_0042_0219_0219.jpg 1 157 42 219 219
wrap/wrap_0/0764_0324_0144_0182_0182.jpg 1 324 144 182 182
wrap/wrap_0/0765_0273_0042_0184_0184.jpg 1 273 42 184 184
wrap/wrap_0/0766_0368_0148_0162_0162.jpg 1 368 148 162 162
wrap/wrap_0/0767_0232_0235_0088_0088.jpg 1 232 235 88 88
wrap/wrap_0/0768_0097_0066_0208_0208.jpg 1 97 66 208 208
wrap/wrap_0/0769_0175_0315_0135_0135.jpg 1 175 315 135 135
wrap/wrap_0/0770_0197_0265_0127_0127.jpg 1 197 265 127 127
wrap/wrap_0/0771_0390_0210_0074_0074.jpg 1 390 210 74 74
wrap/wrap_0/0772_0124_0212_0066_0066.jpg 1 124 212 66 66
wrap/wrap_0/0773_0251_0032_0325_0325.jpg 1 251 32 325 325
wrap/wrap_0/0774_0142_0034_0327_0327.jpg 1 142 34 327 327
wrap/wrap_0/0775_0270_0214_0143_0143.jpg 1 270 214 143 143
wrap/wrap_0/0776_0149_0290_0070_0070.jpg 1 149 290 70 70
wrap/wrap_0/0777_0298_0090_0204_0204.jpg 1 298 90 204 204
wrap/wrap_0/0778_0136_0078_0294_0294.jpg 1 136 78 294 294
wrap/wrap_0/0779_0039_0144_0265_0265.jpg 1 39 144 265 265
wrap/wrap_0/0780_0269_0068_0296_0296.jpg 1 269 68 296 296
wrap/wrap_0/0781_0292_0087_0252_0252.jpg 1 292 87 252 252
wrap/wrap_0/0782_0184_0219_0081_0081.jpg 1 184 219 81 81
wrap/wrap_0/0783_0203_0195_0111_0111.jpg 1 203 195 111 111
wrap/wrap_0/0784_0069_0107_0309_0309.jpg 1 69 107 309 309
wrap/wrap_0/0785_0428_0287_0077_0077.jpg 1 428 287 77 77
wrap/wrap_0/0786_0354_0311_0079_0079.jpg 1 354 311 79 79
wrap/wrap_0/0787_0262_0067_0294_0294.jpg 1 262 67 294 294
wrap/wrap_0/0788_0200_0126_0213_0213.jpg 1 200 126 213 213
wrap/wrap_0/0789_0385_0091_0103_0103.jpg 1 385 91 103 103
wrap/wrap_0/0790_0185_0049_0071_0071.jpg 1 185 49 71 71
wrap/wrap_0/0791_0117_0121_0206_0206.jpg 1 117 121 206 206
wrap/wrap_0/0792_0104_0158_0263_0263.jpg 1 104 158 263 263
wrap/wrap_0/0793_0190_0311_0170_0170.jpg 1 190 311 170 170
wrap/wrap_0/0794_0145_0394_0068_0068.jpg 1 145 394 68 68
wrap/wrap_0/0795_0101_0152_0262_0262.jpg 1 101 152 262 262
wrap/wrap_0/0796_0062_0033_0219_0219.jpg 1 62 33 219 219
wrap/wrap_0/0797_0175_0241_0090_0090.jpg 1 175 241 90 90
wrap/wrap_0/0798_0150_0102_0146_0146.jpg 1 150 102 146 146
wrap/wrap_0/0799_0045_0033_0238_0238.jpg 1 45 33 238 238
wrap/wrap_0/0800_0378_0220_0052_0052.jpg 1 378 220 52 52
wrap/wrap_0/0801_0124_0057_0311_0311.jpg 1 124 57 311 311
wrap/wrap_0/0802_0124_0059_0315_0315.jpg 1 124 59 315 315
wrap/wrap_0/0803_0080_0067_0311_0311.jpg 1 80 67 311 311
wrap/wrap_0/0804_0318_0088_0078_0078.jpg 1 318 88 78 78
wrap/wrap_0/0805_0078_0056_0302_0302.jpg 1 78 56 302 302
wrap/wrap_0/0806_0354_0152_0148_0148.jpg 1 354 152 148 148
wrap/wrap_0/0807_0225_0126_0052_0052.jpg 1 225 126 52 52
wrap/wrap_0/0808_0115_0157_0084_0084.jpg 1 115 157 84 84
wrap/wrap_0/0809_0140_0277_0063_0063.jpg 1 140 277 63 63
wrap/wrap_0/0810_0140_0059_0192_0192.jpg 1 140 59 192 192
wrap/wrap_0/0811_0078_0154_0212_0212.jpg 1 78 154 212 212
wrap/wrap_0/0812_0278_0099_0278_0278.jpg 1 278 99 278 278
wrap/wrap_0/0813_0184_0256_0140_0140.jpg 1 184 256 140 140
wrap/wrap_0/0814_0363_0102_0160_0160.jpg 1 363 102 160 160
wrap/wrap_0/0815_0153_0033_0250_0250.jpg 1 153 33 250 250
wrap/wrap_0/0816_0037_0037_0307_0307.jpg 1 37 37 307 307
wrap/wrap_0/0817_0163_0250_0150_0150.jpg 1 163 250 150 150
wrap/wrap_0/0818_0374_0148_0137_0137.jpg 1 374 148 137 137
wrap/wrap_0/0819_0165_0129_0166_0166.jpg 1 165 129 166 166
wrap/wrap_0/0820_0098_0281_0142_0142.jpg 1 98 281 142 142
wrap/wrap_0/0821_0092_0155_0130_0130.jpg 1 92 155 130 130
wrap/wrap_0/0822_0050_0101_0219_0219.jpg 1 50 101 219 219
wrap/wrap_0/0823_0241_0133_0302_0302.jpg 1 241 133 302 302
wrap/wrap_0/0824_0065_0063_0236_0236.jpg 1 65 63 236 236
wrap/wrap_0/0825_0308_0075_0234_0234.jpg 1 308 75 234 234
wrap/wrap_0/0826_0202_0265_0142_0142.jpg 1 202 265 142 142
wrap/wrap_0/0827_0131_0212_0190_0190.jpg 1 131 212 190 190
wrap/wrap_0/0828_0139_0099_0323_0323.jpg 1 139 99 323 323
wrap/wrap_0/0829_0042_0020_0287_0287.jpg 1 42 20 287 287
wrap/wrap_0/0830_0057_0230_0146_0146.jpg 1 57 230 146 146
wrap/wrap_0/0831_0175_0069_0187_0187.jpg 1 175 69 187 187
wrap/wrap_0/0832_0276_0090_0210_0210.jpg 1 276 90 210 210
wrap/wrap_0/0833_0207_0073_0062_0062.jpg 1 207 73 62 62
wrap/wrap_0/0834_0261_0279_0130_0130.jpg 1 261 279 130 130
wrap/wrap_0/0835_0237_0264_0101_0101.jpg 1 237 264 101 101
wrap/wrap_0/0836_0182_0059_0209_0209.jpg 1 182 59 209 209
wrap/wrap_0/0837_0068_0261_0150_0150.jpg 1 68 261 150 150
wrap/wrap_0/0838_0081_0148_0063_0063.jpg 1 81 148 63 63
wrap/wrap_0/0839_0227_0152_0251_0251.jpg 1 227 152 251 251
wrap/wrap_0/0840_0065_0193_0050_0050.jpg 1 65 193 50 50
wrap/wrap_0/0841_0307_0067_0148_0148.jpg 1 307 67 148 148
wrap/wrap_0/0842_0189_0114_0306_0306.jpg 1 189 114 306 306
wrap/wrap_0/0843_0171_0083_0116_0116.jpg 1 171 83 116 116
wrap/wrap_0/0844_0309_0055_0105_0105.jpg 1 309 55 105 105
wrap/wrap_0/0845_0201_0113_0237_0237.jpg 1 201 113 237 237
wrap/wrap_0/0846_0336_0037_0107_0107.jpg 1 336 37 107 107
wrap/wrap_0/0847_0201_0070_0234_0234.jpg 1 201 70 234 234
wrap/wrap_0/0848_0237_0239_0052_0052.jpg 1 237 239 52 52
wrap/wrap_0/0849_0075_0127_0123_0123.jpg 1 75 127 123 123
wrap/wrap_0/0850_0397_0314_0062_0062.jpg 1 397 314 62 62
wrap/wrap_0/0851_0164_0220_0262_0262.jpg 1 164 220 262 262
wrap/wrap_0/0852_0067_0192_0135_0135.jpg 1 67 192 135 135
wrap/wrap_0/0853_0182_0286_0103_0103.jpg 1 182 286 103 103
wrap/wrap_0/0854_0057_0038_0150_0150.jpg 1 57 38 150 150
wrap/wrap_0/0855_0178_0291_0208_0208.jpg 1 178 291 208 208
wrap/wrap_0/0856_0129_0161_0143_0143.jpg 1 129 161 143 143
wrap/wrap_0/0857_0115_0077_0247_0247.jpg 1 115 77 247 247
wrap/wrap_0/0858_0103_0243_0094_0094.jpg 1 103 243 94 94
wrap/wrap_0/0859_0153_0164_0262_0262.jpg 1 153 164 262 262
wrap/wrap_0/0860_0084_0122_0314_0314.jpg 1 84 122 314 314
wrap/wrap_0/0861_0050_0364_0057_0057.jpg 1 50 364 57 57
wrap/wrap_0/0862_0206_0073_0073_0073.jpg 1 206 73 73 73
wrap/wrap_0/0863_0082_0223_0246_0246.jpg 1 82 223 246 246
wrap/wrap_0/0864_0147_0106_0323_0323.jpg 1 147 106 323 323
wrap/wrap_0/0865_0327_0103_0211_0211.jpg 1 327 103 211 211
wrap/wrap_0/0866_0245_0104_0233_0233.jpg 1 245 104 233 233
wrap/wrap_0/0867_0154_0069_0160_0160.jpg 1 154 69 160 160
wrap/wrap_0/0868_0051_0066_0171_0171.jpg 1 51 66 171 171
wrap/wrap_0/0869_0128_0087_0102_0102.jpg 1 128 87 102 102
wrap/wrap_0/0870_0279_0030_0246_0246.jpg 1 279 30 246 246
wrap/wrap_0/0871_0114_0091_0149_0149.jpg 1 114 91 149 149
wrap/wrap_0/0872_0330_0155_0198_0198.jpg 1 330 155 198 198
wrap/wrap_0/0873_0374_0141_0064_0064.jpg 1 374 141 64 64
wrap/wrap_0/0874_0130_0138_0223_0223.jpg 1 130 138 223 223
wrap/wrap_0/0875_0338_0099_0086_0086.jpg 1 338 99 86 86
wrap/wrap_0/0876_0134_0062_0147_0147.jpg 1 134 62 147 147
wrap/wrap_0/0877_0250_0079_0244_0244.jpg 1 250 79 244 244
wrap/wrap_0/0878_0229_0169_0180_0180.jpg 1 229 169 180 180
wrap/wrap_0/0879_0217_0136_0210_0210.jpg 1 217 136 210 210
wrap/wrap_0/0880_0153_0029_0331_0331.jpg 1 153 29 331 331
wrap/wrap_0/0881_0169_0036_0311_0311.jpg 1 169 36 311 311
wrap/wrap_0/0882_0116_0192_0234_0234.jpg 1 116 192 234 234
wrap/wrap_0/0883_0140_0153_0288_0288.jpg 1 140 153 288 288
wrap/wrap_0/0884_0056_0169_0249_0249.jpg 1 56 169 249 249
wrap/wrap_0/0885_0106_0056_0087_0087.jpg 1 106 56 87 87
wrap/wrap_0/0886_0079_0086_0311_0311.jpg 1 79 86 311 311
wrap/wrap_0/0887_0069_0085_0328_0328.jpg 1 69 85 328 328
wrap/wrap_0/0888_0097_0057_0291_0291.jpg 1 97 57 291 291
wrap/wrap_0/0889_0056_0029_0297_0297.jpg 1 56 29 297 297
wrap/wrap_0/0890_0321_0236_0149_0149.jpg 1 321 236 149 149
wrap/wrap_0/0891_0208_0322_0072_0072.jpg 1 208 322 72 72
wrap/wrap_0/0892_0360_0104_0179_0179.jpg 1 360 104 179 179
wrap/wrap_0/0893_0080_0346_0091_0091.jpg 1 80 346 91 91
wrap/wrap_0/0894_0151_0108_0291_0291.jpg 1 151 108 291 291
wrap/wrap_0/0895_0285_0253_0049_0049.jpg 1 285 253 49 49
wrap/wrap_0/0896_0312_0287_0120_0120.jpg 1 312 287 120 120
wrap/wrap_0/0897_0213_0136_0254_0254.jpg 1 213 136 254 254
wrap/wrap_0/0898_0036_0073_0314_0314.jpg 1 36 73 314 314
wrap/wrap_0/0899_0068_0043_0294_0294.jpg 1 68 43 294 294
wrap/wrap_0/0900_0162_0163_0067_0067.jpg 1 162 163 67 67
wrap/wrap_0/0901_0035_0125_0317_0317.jpg 1 35 125 317 317
wrap/wrap_0/0902_0247_0071_0174_0174.jpg 1 247 71 174 174
wrap/wrap_0/0903_0190_0200_0077_0077.jpg 1 190 200 77 77
wrap/wrap_0/0904_0238_0179_0220_0220.jpg 1 238 179 220 220
wrap/wrap_0/0905_0139_0144_0270_0270.jpg 1 139 144 270 270
wrap/wrap_0/0906_0244_0154_0058_0058.jpg 1 244 154 58 58
wrap/wrap_0/0907_0314_0137_0073_0073.jpg 1 314 137 73 73
wrap/wrap_0/0908_0086_0330_0058_0058.jpg 1 86 330 58 58
wrap/wrap_0/0909_0250_0144_0067_0067.jpg 1 250 144 67 67
wrap/wrap_0/0910_0112_0135_0256_0256.jpg 1 112 135 256 256
wrap/wrap_0/0911_0088_0095_0263_0263.jpg 1 88 95 263 263
wrap/wrap_0/0912_0199_0145_0096_0096.jpg 1 199 145 96 96
wrap/wrap_0/0913_0086_0151_0162_0162.jpg 1 86 151 162 162
wrap/wrap_0/0914_0179_0195_0154_0154.jpg 1 179 195 154 154
wrap/wrap_0/0915_0199_0034_0288_0288.jpg 1 199 34 288 288
wrap/wrap_0/0916_0109_0204_0048_0048.jpg 1 109 204 48 48
wrap/wrap_0/0917_0205_0203_0142_0142.jpg 1 205 203 142 142
wrap/wrap_0/0918_0352_0182_0135_0135.jpg 1 352 182 135 135
wrap/wrap_0/0919_0257_0205_0155_0155.jpg 1 257 205 155 155
wrap/wrap_0/0920_0280_0203_0084_0084.jpg 1 280 203 84 84
wrap/wrap_0/0921_0096_0044_0167_0167.jpg 1 96 44 167 167
wrap/wrap_0/0922_0302_0043_0058_0058.jpg 1 302 43 58 58
wrap/wrap_0/0923_0217_0125_0287_0287.jpg 1 217 125 287 287
wrap/wrap_0/0924_0177_0180_0253_0253.jpg 1 177 180 253 253
wrap/wrap_0/0925_0033_0266_0258_0258.jpg 1 33 266 258 258
wrap/wrap_0/0926_0104_0188_0215_0215.jpg 1 104 188 215 215
wrap/wrap_0/0927_0223_0047_0248_0248.jpg 1 223 47 248 248
wrap/wrap_0/0928_0210_0241_0116_0116.jpg 1 210 241 116 116
wrap/wrap_0/0929_0100_0285_0183_0183.jpg 1 100 285 183 183
wrap/wrap_0/0930_0379_0129_0130_0130.jpg 1 379 129 130 130
wrap/wrap_0/0931_0121_0163_0235_0235.jpg 1 121 163 235 235
wrap/wrap_0/0932_0330_0239_0074_0074.jpg 1 330 239 74 74
wrap/wrap_0/0933_0119_0099_0079_0079.jpg 1 119 99 79 79
wrap/wrap_0/0934_0325_0055_0130_0130.jpg 1 325 55 130 130
wrap/wrap_0/0935_0336_0180_0182_0182.jpg 1 336 180 182 182
wrap/wrap_0/0936_0255_0095_0243_0243.jpg 1 255 95 243 243
wrap/wrap_0/0937_0230_0075_0085_0085.jpg 1 230 75 85 85
wrap/wrap_0/0938_0179_0294_0146_0146.jpg 1 179 294 146 146
wrap/wrap_0/0939_0322_0170_0154_0154.jpg 1 322 170 154 154
wrap/wrap_0/0940_0109_0187_0308_0308.jpg 1 109 187 308 308
wrap/wrap_0/0941_0201_0166_0059_0059.jpg 1 201 166 59 59
wrap/wrap_0/0942_0046_0287_0207_0207.jpg 1 46 287 207 207
wrap/wrap_0/0943_0043_0285_0089_0089.jpg 1 43 285 89 89
wrap/wrap_0/0944_0296_0296_0092_0092.jpg 1 296 296 92 92
wrap/wrap_0/0945_0314_0187_0204_0204.jpg 1 314 187 204 204
wrap/wrap_0/0946_0057_0044_0284_0284.jpg 1 57 44 284 284
wrap/wrap_0/0947_0046_0055_0308_0308.jpg 1 46 55 308 308
wrap/wrap_0/0948_0377_0159_0135_0135.jpg 1 377 159 135 135
wrap/wrap_0/0949_0415_0172_0072_0072.jpg 1 415 172 72 72
wrap/wrap_0/0950_0085_0105_0262_0262.jpg 1 85 105 262 262
wrap/wrap_0/0951_0124_0155_0268_0268.jpg 1 124 155 268 268
wrap/wrap_0/0952_0226_0072_0275_0275.jpg 1 226 72 275 275
wrap/wrap_0/0953_0167_0172_0174_0174.jpg 1 167 172 174 174
wrap/wrap_0/0954_0405_0248_0061_0061.jpg 1 405 248 61 61
wrap/wrap_0/0955_0107_0330_0216_0216.jpg 1 107 330 216 216
wrap/wrap_0/0956_0051_0233_0159_0159.jpg 1 51 233 159 159
wrap/wrap_0/0957_0317_0059_0234_0234.jpg 1 317 59 234 234
wrap/wrap_0/0958_0325_0046_0087_0087.jpg 1 325 46 87 87
wrap/wrap_0/0959_0382_0255_0108_0108.jpg 1 382 255 108 108
wrap/wrap_0/0960_0158_0087_0322_0322.jpg 1 158 87 322 322
wrap/wrap_0/0961_0173_0156_0104_0104.jpg 1 173 156 104 104
wrap/wrap_0/0962_0048_0426_0105_0105.jpg 1 48 426 105 105
wrap/wrap_0/0963_0072_0033_0288_0288.jpg 1 72 33 288 288
wrap/wrap_0/0964_0057_0198_0201_0201.jpg 1 57 198 201 201
wrap/wrap_0/0965_0335_0182_0139_0139.jpg 1 335 182 139 139
wrap/wrap_0/0966_0259_0063_0240_0240.jpg 1 259 63 240 240
wrap/wrap_0/0967_0207_0268_0118_0118.jpg 1 207 268 118 118
wrap/wrap_0/0968_0153_0299_0087_0087.jpg 1 153 299 87 87
wrap/wrap_0/0969_0105_0316_0085_0085.jpg 1 105 316 85 85
wrap/wrap_0/0970_0182_0220_0080_0080.jpg 1 182 220 80 80
wrap/wrap_0/0971_0034_0082_0292_0292.jpg 1 34 82 292 292
wrap/wrap_0/0972_0169_0037_0324_0324.jpg 1 169 37 324 324
wrap/wrap_0/0973_0142_0094_0188_0188.jpg 1 142 94 188 188
wrap/wrap_0/0974_0200_0162_0127_0127.jpg 1 200 162 127 127
wrap/wrap_0/0975_0124_0312_0081_0081.jpg 1 124 312 81 81
wrap/wrap_0/0976_0174_0093_0330_0330.jpg 1 174 93 330 330
wrap/wrap_0/0977_0094_0035_0307_0307.jpg 1 94 35 307 307
wrap/wrap_0/0978_0294_0179_0223_0223.jpg 1 294 179 223 223
wrap/wrap_0/0979_0071_0016_0323_0323.jpg 1 71 16 323 323
wrap/wrap_0/0980_0084_0121_0066_0066.jpg 1 84 121 66 66
wrap/wrap_0/0981_0036_0128_0319_0319.jpg 1 36 128 319 319
wrap/wrap_0/0982_0362_0324_0058_0058.jpg 1 362 324 58 58
wrap/wrap_0/0983_0270_0141_0179_0179.jpg 1 270 141 179 179
wrap/wrap_0/0984_0051_0053_0297_0297.jpg 1 51 53 297 297
wrap/wrap_0/0985_0169_0136_0264_0264.jpg 1 169 136 264 264
wrap/wrap_0/0986_0284_0069_0251_0251.jpg 1 284 69 251 251
wrap/wrap_0/0987_0202_0042_0323_0323.jpg 1 202 42 323 323
wrap/wrap_0/0988_0235_0164_0057_0057.jpg 1 235 164 57 57
wrap/wrap_0/0989_0169_0054_0321_0321.jpg 1 169 54 321 321
wrap/wrap_0/0990_0119_0280_0071_0071.jpg 1 119 280 71 71
wrap/wrap_0/0991_0278_0136_0249_0249.jpg 1 278 136 249 249
wrap/wrap_0/0992_0211_0249_0119_0119.jpg 1 211 249 119 119
wrap/wrap_0/0993_0222_0122_0296_0296.jpg 1 222 122 296 296
wrap/wrap_0/0994_0377_0203_0112_0112.jpg 1 377 203 112 112
wrap/wrap_0/0995_0071_0018_0305_0305.jpg 1 71 18 305 305
wrap/wrap_0/0996_0251_0150_0121_0121.jpg 1 251 150 121 121
wrap/wrap_0/0997_0233_0216_0088_0088.jpg 1 233 216 88 88
wrap/wrap_0/0998_0149_0210_0199_0199.jpg 1 149 210 199 199
wrap/wrap_0/0999_0066_0118_0174_0174.jpg 1 66 118 174 174
wrap/wrap_0/1000_0225_0074_0257_0257.jpg 1 225 74 257 257
wrap/wrap_0/1001_0253_0188_0104_0104.jpg 1 253 188 104 104
wrap/wrap_0/1002_0132_0059_0259_0259.jpg 1 132 59 259 259
wrap/wrap_0/1003_0132_0116_0259_0259.jpg 1 132 116 259 259
wrap/wrap_0/1004_0381_0042_0090_0090.jpg 1 381 42 90 90
wrap/wrap_0/1005_0182_0147_0217_0217.jpg 1 182 147 217 217
wrap/wrap_0/1006_0240_0078_0276_0276.jpg 1 240 78 276 276
wrap/wrap_0/1007_0204_0122_0265_0265.jpg 1 204 122 265 265
wrap/wrap_0/1008_0058_0076_0181_0181.jpg 1 58 76 181 181
wrap/wrap_0/1009_0382_0042_0099_0099.jpg 1 382 42 99 99
wrap/wrap_0/1010_0345_0087_0181_0181.jpg 1 345 87 181 181
wrap/wrap_0/1011_0133_0130_0272_0272.jpg 1 133 130 272 272
wrap/wrap_0/1012_0334_0052_0214_0214.jpg 1 334 52 214 214
wrap/wrap_0/1013_0201_0264_0073_0073.jpg 1 201 264 73 73
wrap/wrap_0/1014_0149_0142_0281_0281.jpg 1 149 142 281 281
wrap/wrap_0/1015_0046_0133_0048_0048.jpg 1 46 133 48 48
wrap/wrap_0/1016_0184_0100_0275_0275.jpg 1 184 100 275 275
wrap/wrap_0/1017_0193_0200_0081_0081.jpg 1 193 200 81 81
wrap/wrap_0/1018_0252_0163_0192_0192.jpg 1 252 163 192 192
wrap/wrap_0/1019_0090_0150_0206_0206.jpg 1 90 150 206 206
wrap/wrap_0/1020_0084_0119_0210_0210.jpg 1 84 119 210 210
wrap/wrap_0/1021_0246_0185_0076_0076.jpg 1 246 185 76 76
wrap/wrap_0/1022_0215_0073_0314_0314.jpg 1 215 73 314 314
wrap/wrap_0/1023_0063_0107_0248_0248.jpg 1 63 107 248 248
wrap/wrap_0/1024_0301_0107_0076_0076.jpg 1 301 107 76 76
wrap/wrap_0/1025_0199_0404_0105_0105.jpg 1 199 404 105 105
wrap/wrap_0/1026_0154_0061_0196_0196.jpg 1 154 61 196 196
wrap/wrap_0/1027_0164_0104_0173_0173.jpg 1 164 104 173 173
wrap/wrap_0/1028_0123_0266_0300_0300.jpg 1 123 266 300 300
wrap/wrap_0/1029_0237_0243_0134_0134.jpg 1 237 243 134 134
wrap/wrap_0/1030_0117_0010_0322_0322.jpg 1 117 10 322 322
wrap/wrap_0/1031_0449_0181_0075_0075.jpg 1 449 181 75 75
wrap/wrap_0/1032_0137_0086_0284_0284.jpg 1 137 86 284 284
wrap/wrap_0/1033_0264_0163_0167_0167.jpg 1 264 163 167 167
wrap/wrap_0/1034_0441_0167_0071_0071.jpg 1 441 167 71 71
wrap/wrap_0/1035_0131_0020_0332_0332.jpg 1 131 20 332 332
wrap/wrap_0/1036_0082_0118_0330_0330.jpg 1 82 118 330 330
wrap/wrap_0/1037_0321_0053_0106_0106.jpg 1 321 53 106 106
wrap/wrap_0/1038_0168_0029_0217_0217.jpg 1 168 29 217 217
wrap/wrap_0/1039_0112_0287_0081_0081.jpg 1 112 287 81 81
wrap/wrap_0/1040_0190_0250_0172_0172.jpg 1 190 250 172 172
wrap/wrap_0/1041_0272_0191_0217_0217.jpg 1 272 191 217 217
wrap/wrap_0/1042_0123_0124_0087_0087.jpg 1 123 124 87 87
wrap/wrap_0/1043_0078_0239_0097_0097.jpg 1 78 239 97 97
wrap/wrap_0/1044_0182_0058_0239_0239.jpg 1 182 58 239 239
wrap/wrap_0/1045_0196_0059_0209_0209.jpg 1 196 59 209 209
wrap/wrap_0/1046_0089_0208_0209_0209.jpg 1 89 208 209 209
wrap/wrap_0/1047_0085_0351_0157_0157.jpg 1 85 351 157 157
wrap/wrap_0/1048_0151_0182_0256_0256.jpg 1 151 182 256 256
wrap/wrap_0/1049_0188_0037_0282_0282.jpg 1 188 37 282 282
wrap/wrap_0/1050_0348_0049_0184_0184.jpg 1 348 49 184 184
wrap/wrap_0/1051_0245_0042_0333_0333.jpg 1 245 42 333 333
wrap/wrap_0/1052_0417_0220_0083_0083.jpg 1 417 220 83 83
wrap/wrap_0/1053_0276_0059_0123_0123.jpg 1 276 59 123 123
wrap/wrap_0/1054_0170_0082_0060_0060.jpg 1 170 82 60 60
wrap/wrap_0/1055_0312_0258_0127_0127.jpg 1 312 258 127 127
wrap/wrap_0/1056_0406_0125_0108_0108.jpg 1 406 125 108 108
wrap/wrap_0/1057_0354_0034_0183_0183.jpg 1 354 34 183 183
wrap/wrap_0/1058_0155_0073_0241_0241.jpg 1 155 73 241 241
wrap/wrap_0/1059_0229_0173_0234_0234.jpg 1 229 173 234 234
wrap/wrap_0/1060_0108_0132_0091_0091.jpg 1 108 132 91 91
wrap/wrap_0/1061_0095_0032_0277_0277.jpg 1 95 32 277 277
wrap/wrap_0/1062_0158_0020_0280_0280.jpg 1 158 20 280 280
wrap/wrap_0/1063_0331_0205_0101_0101.jpg 1 331 205 101 101
wrap/wrap_0/1064_0135_0229_0164_0164.jpg 1 135 229 164 164
wrap/wrap_0/1065_0078_0193_0085_0085.jpg 1 78 193 85 85
wrap/wrap_0/1066_0304_0196_0078_0078.jpg 1 304 196 78 78
wrap/wrap_0/1067_0121_0259_0143_0143.jpg 1 121 259 143 143
wrap/wrap_0/1068_0391_0100_0128_0128.jpg 1 391 100 128 128
wrap/wrap_0/1069_0119_0169_0231_0231.jpg 1 119 169 231 231
wrap/wrap_0/1070_0157_0240_0241_0241.jpg 1 157 240 241 241
wrap/wrap_0/1071_0177_0089_0283_0283.jpg 1 177 89 283 283
wrap/wrap_0/1072_0285_0252_0164_0164.jpg 1 285 252 164 164
wrap/wrap_0/1073_0299_0216_0209_0209.jpg 1 299 216 209 209
wrap/wrap_0/1074_0184_0023_0317_0317.jpg 1 184 23 317 317
wrap/wrap_0/1075_0225_0282_0194_0194.jpg 1 225 282 194 194
wrap/wrap_0/1076_0125_0042_0215_0215.jpg 1 125 42 215 215
wrap/wrap_0/1077_0249_0047_0289_0289.jpg 1 249 47 289 289
wrap/wrap_0/1078_0410_0205_0067_0067.jpg 1 410 205 67 67
wrap/wrap_0/1079_0087_0092_0265_0265.jpg 1 87 92 265 265
wrap/wrap_0/1080_0189_0047_0290_0290.jpg 1 189 47 290 290
wrap/wrap_0/1081_0058_0122_0290_0290.jpg 1 58 122 290 290
wrap/wrap_0/1082_0421_0198_0049_0049.jpg 1 421 198 49 49
wrap/wrap_0/1083_0282_0219_0205_0205.jpg 1 282 219 205 205
wrap/wrap_0/1084_0120_0118_0166_0166.jpg 1 120 118 166 166
wrap/wrap_0/1085_0047_0034_0288_0288.jpg 1 47 34 288 288
wrap/wrap_0/1086_0279_0040_0266_0266.jpg 1 279 40 266 266
wrap/wrap_0/1087_0251_0076_0306_0306.jpg 1 251 76 306 306
wrap/wrap_0/1088_0163_0135_0212_0212.jpg 1 163 135 212 212
wrap/wrap_0/1089_0055_0127_0236_0236.jpg 1 55 127 236 236
wrap/wrap_0/1090_0077_0279_0078_0078.jpg 1 77 279 78 78
wrap/wrap_0/1091_0085_0136_0292_0292.jpg 1 85 136 292 292
wrap/wrap_0/1092_0266_0186_0141_0141.jpg 1 266 186 141 141
wrap/wrap_0/1093_0228_0457_0048_0048.jpg 1 228 457 48 48
wrap/wrap_0/1094_0076_0230_0104_0104.jpg 1 76 230 104 104
wrap/wrap_0/1095_0154_0073_0147_0147.jpg 1 154 73 147 147
wrap/wrap_0/1096_0097_0163_0228_0228.jpg 1 97 163 228 228
wrap/wrap_0/1097_0107_0253_0288_0288.jpg 1 107 253 288 288
wrap/wrap_0/1098_0328_0148_0178_0178.jpg 1 328 148 178 178
wrap/wrap_0/1099_0264_0152_0225_0225.jpg 1 264 152 225 225
wrap/wrap_0/1100_0106_0188_0096_0096.jpg 1 106 188 96 96
wrap/wrap_0/1101_0065_0231_0120_0120.jpg 1 65 231 120 120
wrap/wrap_0/1102_0032_0107_0306_0306.jpg 1 32 107 306 306
wrap/wrap_0/1103_0070_0171_0155_0155.jpg 1 70 171 155 155
wrap/wrap_0/1104_0074_0084_0311_0311.jpg 1 74 84 311 311
wrap/wrap_0/1105_0148_0096_0257_0257.jpg 1 148 96 257 257
wrap/wrap_0/1106_0323_0091_0176_0176.jpg 1 323 91 176 176
wrap/wrap_0/1107_0211_0105_0227_0227.jpg 1 211 105 227 227
wrap/wrap_0/1108_0139_0244_0154_0154.jpg 1 139 244 154 154
wrap/wrap_0/1109_0200_0031_0268_0268.jpg 1 200 31 268 268
wrap/wrap_0/1110_0122_0292_0055_0055.jpg 1 122 292 55 55
wrap/wrap_0/1111_0213_0067_0188_0188.jpg 1 213 67 188 188
wrap/wrap_0/1112_0166_0126_0145_0145.jpg 1 166 126 145 145
wrap/wrap_0/1113_0269_0086_0211_0211.jpg 1 269 86 211 211
wrap/wrap_0/1114_0216_0216_0182_0182.jpg 1 216 216 182 182
wrap/wrap_0/1115_0165_0027_0263_0263.jpg 1 165 27 263 263
wrap/wrap_0/1116_0170_0289_0164_0164.jpg 1 170 289 164 164
wrap/wrap_0/1117_0306_0196_0197_0197.jpg 1 306 196 197 197
wrap/wrap_0/1118_0061_0128_0235_0235.jpg 1 61 128 235 235
wrap/wrap_0/1119_0245_0088_0206_0206.jpg 1 245 88 206 206
wrap/wrap_0/1120_0114_0168_0250_0250.jpg 1 114 168 250 250
wrap/wrap_0/1121_0228_0065_0292_0292.jpg 1 228 65 292 292
wrap/wrap_0/1122_0088_0052_0223_0223.jpg 1 88 52 223 223
wrap/wrap_0/1123_0048_0138_0298_0298.jpg 1 48 138 298 298
wrap/wrap_0/1124_0100_0080_0333_0333.jpg 1 100 80 333 333
wrap/wrap_0/1125_0053_0071_0320_0320.jpg 1 53 71 320 320
wrap/wrap_0/1126_0401_0238_0127_0127.jpg 1 401 238 127 127
wrap/wrap_0/1127_0053_0192_0163_0163.jpg 1 53 192 163 163
wrap/wrap_0/1128_0227_0029_0322_0322.jpg 1 227 29 322 322
wrap/wrap_0/1129_0099_0147_0092_0092.jpg 1 99 147 92 92
wrap/wrap_0/1130_0108_0222_0168_0168.jpg 1 108 222 168 168
wrap/wrap_0/1131_0055_0119_0268_0268.jpg 1 55 119 268 268
wrap/wrap_0/1132_0297_0146_0154_0154.jpg 1 297 146 154 154
wrap/wrap_0/1133_0107_0098_0158_0158.jpg 1 107 98 158 158
wrap/wrap_0/1134_0255_0042_0137_0137.jpg 1 255 42 137 137
wrap/wrap_0/1135_0143_0049_0290_0290.jpg 1 143 49 290 290
wrap/wrap_0/1136_0376_0155_0153_0153.jpg 1 376 155 153 153
wrap/wrap_0/1137_0076_0112_0107_0107.jpg 1 76 112 107 107
wrap/wrap_0/1138_0050_0041_0293_0293.jpg 1 50 41 293 293
wrap/wrap_0/1139_0245_0174_0057_0057.jpg 1 245 174 57 57
wrap/wrap_0/1140_0274_0162_0249_0249.jpg 1 274 162 249 249
wrap/wrap_0/1141_0273_0261_0088_0088.jpg 1 273 261 88 88
wrap/wrap_0/1142_0180_0145_0070_0070.jpg 1 180 145 70 70
wrap/wrap_0/1143_0097_0030_0231_0231.jpg 1 97 30 231 231
wrap/wrap_0/1144_0407_0252_0082_0082.jpg 1 407 252 82 82
wrap/wrap_0/1145_0313_0247_0100_0100.jpg 1 313 247 100 100
wrap/wrap_0/1146_0402_0245_0127_0127.jpg 1 402 245 127 127
wrap/wrap_0/1147_0240_0260_0150_0150.jpg 1 240 260 150 150
wrap/wrap_0/1148_0378_0117_0065_0065.jpg 1 378 117 65 65
wrap/wrap_0/1149_0234_0051_0285_0285.jpg 1 234 51 285 285
wrap/wrap_0/1150_0174_0102_0289_0289.jpg 1 174 102 289 289
wrap/wrap_0/1151_0235_0077_0288_0288.jpg 1 235 77 288 288
wrap/wrap_0/1152_0106_0048_0299_0299.jpg 1 106 48 299 299
wrap/wrap_0/1153_0148_0161_0101_0101.jpg 1 148 161 101 101
wrap/wrap_0/1154_0085_0029_0239_0239.jpg 1 85 29 239 239
wrap/wrap_0/1155_0040_0145_0291_0291.jpg 1 40 145 291 291
wrap/wrap_0/1156_0171_0253_0199_0199.jpg 1 171 253 199 199
wrap/wrap_0/1157_0050_0326_0192_0192.jpg 1 50 326 192 192
wrap/wrap_0/1158_0095_0325_0127_0127.jpg 1 95 325 127 127
wrap/wrap_0/1159_0132_0148_0235_0235.jpg 1 132 148 235 235
wrap/wrap_0/1160_0098_0402_0121_0121.jpg 1 98 402 121 121
wrap/wrap_0/1161_0190_0164_0122_0122.jpg 1 190 164 122 122
wrap/wrap_0/1162_0420_0207_0067_0067.jpg 1 420 207 67 67
wrap/wrap_0/1163_0185_0054_0328_0328.jpg 1 185 54 328 328
wrap/wrap_0/1164_0151_0067_0094_0094.jpg 1 151 67 94 94
wrap/wrap_0/1165_0134_0087_0211_0211.jpg 1 134 87 211 211
wrap/wrap_0/1166_0046_0116_0305_0305.jpg 1 46 116 305 305
wrap/wrap_0/1167_0233_0135_0188_0188.jpg 1 233 135 188 188
wrap/wrap_0/1168_0194_0134_0180_0180.jpg 1 194 134 180 180
wrap/wrap_0/1169_0345_0104_0057_0057.jpg 1 345 104 57 57
wrap/wrap_0/1170_0307_0171_0203_0203.jpg 1 307 171 203 203
wrap/wrap_0/1171_0039_0067_0281_0281.jpg 1 39 67 281 281
wrap/wrap_0/1172_0073_0119_0244_0244.jpg 1 73 119 244 244
wrap/wrap_0/1173_0208_0071_0141_0141.jpg 1 208 71 141 141
wrap/wrap_0/1174_0162_0027_0229_0229.jpg 1 162 27 229 229
wrap/wrap_0/1175_0206_0035_0234_0234.jpg 1 206 35 234 234
wrap/wrap_0/1176_0271_0075_0268_0268.jpg 1 271 75 268 268
wrap/wrap_0/1177_0049_0090_0300_0300.jpg 1 49 90 300 300
wrap/wrap_0/1178_0243_0185_0148_0148.jpg 1 243 185 148 148
wrap/wrap_0/1179_0064_0255_0130_0130.jpg 1 64 255 130 130
wrap/wrap_0/1180_0351_0183_0048_0048.jpg 1 351 183 48 48
wrap/wrap_0/1181_0380_0276_0129_0129.jpg 1 380 276 129 129
wrap/wrap_0/1182_0060_0108_0213_0213.jpg 1 60 108 213 213
wrap/wrap_0/1183_0221_0303_0061_0061.jpg 1 221 303 61 61
wrap/wrap_0/1184_0090_0257_0090_0090.jpg 1 90 257 90 90
wrap/wrap_0/1185_0099_0107_0299_0299.jpg 1 99 107 299 299
wrap/wrap_0/1186_0152_0257_0149_0149.jpg 1 152 257 149 149
wrap/wrap_0/1187_0057_0044_0090_0090.jpg 1 57 44 90 90
wrap/wrap_0/1188_0287_0216_0089_0089.jpg 1 287 216 89 89
wrap/wrap_0/1189_0187_0130_0294_0294.jpg 1 187 130 294 294
wrap/wrap_0/1190_0387_0235_0053_0053.jpg 1 387 235 53 53
wrap/wrap_0/1191_0252_0406_0068_0068.jpg 1 252 406 68 68
wrap/wrap_0/1192_0120_0201_0054_0054.jpg 1 120 201 54 54
wrap/wrap_0/1193_0138_0202_0048_0048.jpg 1 138 202 48 48
wrap/wrap_0/1194_0361_0103_0140_0140.jpg 1 361 103 140 140
wrap/wrap_0/1195_0384_0246_0112_0112.jpg 1 384 246 112 112
wrap/wrap_0/1196_0031_0077_0217_0217.jpg 1 31 77 217 217
wrap/wrap_0/1197_0076_0151_0190_0190.jpg 1 76 151 190 190
wrap/wrap_0/1198_0080_0067_0256_0256.jpg 1 80 67 256 256
wrap/wrap_0/1199_0125_0092_0135_0135.jpg 1 125 92 135 135
wrap/wrap_0/1200_0272_0177_0073_0073.jpg 1 272 177 73 73
wrap/wrap_0/1201_0173_0079_0127_0127.jpg 1 173 79 127 127
wrap/wrap_0/1202_0389_0268_0074_0074.jpg 1 389 268 74 74
wrap/wrap_0/1203_0087_0113_0285_0285.jpg 1 87 113 285 285
wrap/wrap_0/1204_0129_0137_0183_0183.jpg 1 129 137 183 183
wrap/wrap_0/1205_0191_0266_0083_0083.jpg 1 191 266 83 83
wrap/wrap_0/1206_0233_0040_0122_0122.jpg 1 233 40 122 122
wrap/wrap_0/1207_0230_0121_0256_0256.jpg 1 230 121 256 256
wrap/wrap_0/1208_0113_0068_0174_0174.jpg 1 113 68 174 174
wrap/wrap_0/1209_0262_0201_0220_0220.jpg 1 262 201 220 220
wrap/wrap_0/1210_0081_0119_0230_0230.jpg 1 81 119 230 230
wrap/wrap_0/1211_0231_0242_0085_0085.jpg 1 231 242 85 85
wrap/wrap_0/1212_0186_0256_0077_0077.jpg 1 186 256 77 77
wrap/wrap_0/1213_0130_0292_0240_0240.jpg 1 130 292 240 240
wrap/wrap_0/1214_0362_0077_0133_0133.jpg 1 362 77 133 133
wrap/wrap_0/1215_0051_0102_0212_0212.jpg 1 51 102 212 212
wrap/wrap_0/1216_0357_0223_0187_0187.jpg 1 357 223 187 187
wrap/wrap_0/1217_0103_0162_0173_0173.jpg 1 103 162 173 173
wrap/wrap_0/1218_0089_0066_0059_0059.jpg 1 89 66 59 59
wrap/wrap_0/1219_0098_0050_0201_0201.jpg 1 98 50 201 201
wrap/wrap_0/1220_0134_0067_0121_0121.jpg 1 134 67 121 121
wrap/wrap_0/1221_0129_0249_0112_0112.jpg 1 129 249 112 112
wrap/wrap_0/1222_0364_0180_0080_0080.jpg 1 364 180 80 80
wrap/wrap_0/1223_0124_0037_0313_0313.jpg 1 124 37 313 313
wrap/wrap_0/1224_0312_0237_0111_0111.jpg 1 312 237 111 111
wrap/wrap_0/1225_0305_0218_0110_0110.jpg 1 305 218 110 110
wrap/wrap_0/1226_0102_0216_0189_0189.jpg 1 102 216 189 189
wrap/wrap_0/1227_0255_0141_0141_0141.jpg 1 255 141 141 141
wrap/wrap_0/1228_0228_0024_0278_0278.jpg 1 228 24 278 278
wrap/wrap_0/1229_0056_0160_0118_0118.jpg 1 56 160 118 118
wrap/wrap_0/1230_0048_0030_0283_0283.jpg 1 48 30 283 283
wrap/wrap_0/1231_0066_0069_0214_0214.jpg 1 66 69 214 214
wrap/wrap_0/1232_0216_0293_0169_0169.jpg 1 216 293 169 169
wrap/wrap_0/1233_0120_0150_0062_0062.jpg 1 120 150 62 62
wrap/wrap_0/1234_0077_0073_0186_0186.jpg 1 77 73 186 186
wrap/wrap_0/1235_0097_0091_0239_0239.jpg 1 97 91 239 239
wrap/wrap_0/1236_0446_0165_0071_0071.jpg 1 446 165 71 71
wrap/wrap_0/1237_0107_0184_0175_0175.jpg 1 107 184 175 175
wrap/wrap_0/1238_0095_0076_0108_0108.jpg 1 95 76 108 108
wrap/wrap_0/1239_0028_0263_0260_0260.jpg 1 28 263 260 260
wrap/wrap_0/1240_0097_0071_0291_0291.jpg 1 97 71 291 291
wrap/wrap_0/1241_0403_0153_0134_0134.jpg 1 403 153 134 134
wrap/wrap_0/1242_0273_0250_0070_0070.jpg 1 273 250 70 70
wrap/wrap_0/1243_0270_0211_0095_0095.jpg 1 270 211 95 95
wrap/wrap_0/1244_0111_0228_0320_0320.jpg 1 111 228 320 320
wrap/wrap_0/1245_0159_0175_0056_0056.jpg 1 159 175 56 56
wrap/wrap_0/1246_0146_0098_0296_0296.jpg 1 146 98 296 296
wrap/wrap_0/1247_0172_0168_0177_0177.jpg 1 172 168 177 177
wrap/wrap_0/1248_0260_0101_0265_0265.jpg 1 260 101 265 265
wrap/wrap_0/1249_0180_0146_0092_0092.jpg 1 180 146 92 92
wrap/wrap_0/1250_0245_0041_0071_0071.jpg 1 245 41 71 71
wrap/wrap_0/1251_0212_0086_0117_0117.jpg 1 212 86 117 117
wrap/wrap_0/1252_0187_0203_0165_0165.jpg 1 187 203 165 165
wrap/wrap_0/1253_0287_0179_0217_0217.jpg 1 287 179 217 217
wrap/wrap_0/1254_0124_0154_0291_0291.jpg 1 124 154 291 291
wrap/wrap_0/1255_0127_0185_0252_0252.jpg 1 127 185 252 252
wrap/wrap_0/1256_0160_0161_0188_0188.jpg 1 160 161 188 188
wrap/wrap_0/1257_0117_0133_0233_0233.jpg 1 117 133 233 233
wrap/wrap_0/1258_0212_0066_0282_0282.jpg 1 212 66 282 282
wrap/wrap_0/1259_0131_0219_0123_0123.jpg 1 131 219 123 123
wrap/wrap_0/1260_0213_0054_0283_0283.jpg 1 213 54 283 283
wrap/wrap_0/1261_0393_0234_0131_0131.jpg 1 393 234 131 131
wrap/wrap_0/1262_0199_0148_0142_0142.jpg 1 199 148 142 142
wrap/wrap_0/1263_0181_0133_0258_0258.jpg 1 181 133 258 258
wrap/wrap_0/1264_0045_0246_0118_0118.jpg 1 45 246 118 118
wrap/wrap_0/1265_0038_0133_0279_0279.jpg 1 38 133 279 279
wrap/wrap_0/1266_0305_0198_0137_0137.jpg 1 305 198 137 137
wrap/wrap_0/1267_0239_0061_0183_0183.jpg 1 239 61 183 183
wrap/wrap_0/1268_0180_0172_0079_0079.jpg 1 180 172 79 79
wrap/wrap_0/1269_0113_0116_0329_0329.jpg 1 113 116 329 329
wrap/wrap_0/1270_0058_0250_0161_0161.jpg 1 58 250 161 161
wrap/wrap_0/1271_0245_0076_0194_0194.jpg 1 245 76 194 194
wrap/wrap_0/1272_0091_0096_0263_0263.jpg 1 91 96 263 263
wrap/wrap_0/1273_0211_0219_0182_0182.jpg 1 211 219 182 182
wrap/wrap_0/1274_0058_0054_0272_0272.jpg 1 58 54 272 272
wrap/wrap_0/1275_0062_0060_0232_0232.jpg 1 62 60 232 232
wrap/wrap_0/1276_0050_0334_0141_0141.jpg 1 50 334 141 141
wrap/wrap_0/1277_0108_0158_0184_0184.jpg 1 108 158 184 184
wrap/wrap_0/1278_0055_0100_0266_0266.jpg 1 55 100 266 266
wrap/wrap_0/1279_0095_0166_0193_0193.jpg 1 95 166 193 193
wrap/wrap_0/1280_0100_0047_0238_0238.jpg 1 100 47 238 238
wrap/wrap_0/1281_0075_0205_0209_0209.jpg 1 75 205 209 209
wrap/wrap_0/1282_0097_0048_0313_0313.jpg 1 97 48 313 313
wrap/wrap_0/1283_0031_0127_0285_0285.jpg 1 31 127 285 285
wrap/wrap_0/1284_0146_0090_0263_0263.jpg 1 146 90 263 263
wrap/wrap_0/1285_0101_0032_0335_0335.jpg 1 101 32 335 335
wrap/wrap_0/1286_0177_0130_0314_0314.jpg 1 177 130 314 314
wrap/wrap_0/1287_0160_0244_0096_0096.jpg 1 160 244 96 96
wrap/wrap_0/1288_0241_0118_0330_0330.jpg 1 241 118 330 330
wrap/wrap_0/1289_0105_0089_0308_0308.jpg 1 105 89 308 308
wrap/wrap_0/1290_0100_0103_0308_0308.jpg 1 100 103 308 308
wrap/wrap_0/1291_0207_0189_0126_0126.jpg 1 207 189 126 126
wrap/wrap_0/1292_0101_0027_0317_0317.jpg 1 101 27 317 317
wrap/wrap_0/1293_0036_0210_0241_0241.jpg 1 36 210 241 241
wrap/wrap_0/1294_0225_0122_0243_0243.jpg 1 225 122 243 243
wrap/wrap_0/1295_0282_0290_0114_0114.jpg 1 282 290 114 114
wrap/wrap_0/1296_0169_0161_0077_0077.jpg 1 169 161 77 77
wrap/wrap_0/1297_0261_0048_0278_0278.jpg 1 261 48 278 278
wrap/wrap_0/1298_0173_0108_0232_0232.jpg 1 173 108 232 232
wrap/wrap_0/1299_0144_0095_0082_0082.jpg 1 144 95 82 82
wrap/wrap_0/1300_0226_0042_0228_0228.jpg 1 226 42 228 228
wrap/wrap_0/1301_0209_0089_0290_0290.jpg 1 209 89 290 290
wrap/wrap_0/1302_0241_0061_0213_0213.jpg 1 241 61 213 213
wrap/wrap_0/1303_0337_0041_0135_0135.jpg 1 337 41 135 135
wrap/wrap_0/1304_0245_0217_0182_0182.jpg 1 245 217 182 182
wrap/wrap_0/1305_0210_0336_0051_0051.jpg 1 210 336 51 51
wrap/wrap_0/1306_0241_0197_0197_0197.jpg 1 241 197 197 197
wrap/wrap_0/1307_0383_0113_0109_0109.jpg 1 383 113 109 109
wrap/wrap_0/1308_0411_0092_0051_0051.jpg 1 411 92 51 51
wrap/wrap_0/1309_0099_0182_0145_0145.jpg 1 99 182 145 145
wrap/wrap_0/1310_0059_0132_0257_0257.jpg 1 59 132 257 257
wrap/wrap_0/1311_0082_0303_0097_0097.jpg 1 82 303 97 97
wrap/wrap_0/1312_0063_0162_0333_0333.jpg 1 63 162 333 333
wrap/wrap_0/1313_0195_0116_0297_0297.jpg 1 195 116 297 297
wrap/wrap_0/1314_0287_0193_0157_0157.jpg 1 287 193 157 157
wrap/wrap_0/1315_0304_0246_0071_0071.jpg 1 304 246 71 71
wrap/wrap_0/1316_0276_0076_0276_0276.jpg 1 276 76 276 276
wrap/wrap_0/1317_0216_0210_0153_0153.jpg 1 216 210 153 153
wrap/wrap_0/1318_0073_0079_0221_0221.jpg 1 73 79 221 221
wrap/wrap_0/1319_0042_0032_0320_0320.jpg 1 42 32 320 320
wrap/wrap_0/1320_0233_0072_0160_0160.jpg 1 233 72 160 160
wrap/wrap_0/1321_0338_0047_0092_0092.jpg 1 338 47 92 92
wrap/wrap_0/1322_0102_0097_0248_0248.jpg 1 102 97 248 248
wrap/wrap_0/1323_0243_0180_0179_0179.jpg 1 243 180 179 179
wrap/wrap_0/1324_0231_0121_0205_0205.jpg 1 231 121 205 205
wrap/wrap_0/1325_0056_0101_0190_0190.jpg 1 56 101 190 190
wrap/wrap_0/1326_0138_0037_0313_0313.jpg 1 138 37 313 313
wrap/wrap_0/1327_0332_0094_0112_0112.jpg 1 332 94 112 112
wrap/wrap_0/1328_0191_0084_0240_0240.jpg 1 191 84 240 240
wrap/wrap_0/1329_0401_0120_0114_0114.jpg 1 401 120 114 114
wrap/wrap_0/1330_0264_0176_0093_0093.jpg 1 264 176 93 93
wrap/wrap_0/1331_0115_0235_0057_0057.jpg 1 115 235 57 57
wrap/wrap_0/1332_0222_0116_0178_0178.jpg 1 222 116 178 178
wrap/wrap_0/1333_0382_0120_0127_0127.jpg 1 382 120 127 127
wrap/wrap_0/1334_0143_0157_0254_0254.jpg 1 143 157 254 254
wrap/wrap_0/1335_0062_0328_0193_0193.jpg 1 62 328 193 193
wrap/wrap_0/1336_0151_0078_0211_0211.jpg 1 151 78 211 211
wrap/wrap_0/1337_0172_0037_0279_0279.jpg 1 172 37 279 279
wrap/wrap_0/1338_0208_0102_0123_0123.jpg 1 208 102 123 123
wrap/wrap_0/1339_0132_0099_0171_0171.jpg 1 132 99 171 171
wrap/wrap_0/1340_0082_0053_0100_0100.jpg 1 82 53 100 100
wrap/wrap_0/1341_0121_0123_0089_0089.jpg 1 121 123 89 89
wrap/wrap_0/1342_0049_0059_0248_0248.jpg 1 49 59 248 248
wrap/wrap_0/1343_0221_0055_0092_0092.jpg 1 221 55 92 92
wrap/wrap_0/1344_0245_0041_0310_0310.jpg 1 245 41 310 310
wrap/wrap_0/1345_0061_0294_0107_0107.jpg 1 61 294 107 107
wrap/wrap_0/1346_0056_0022_0326_0326.jpg 1 56 22 326 326
wrap/wrap_0/1347_0098_0145_0252_0252.jpg 1 98 145 252 252
wrap/wrap_0/1348_0222_0109_0335_0335.jpg 1 222 109 335 335
wrap/wrap_0/1349_0035_0206_0320_0320.jpg 1 35 206 320 320
wrap/wrap_0/1350_0176_0021_0270_0270.jpg 1 176 21 270 270
wrap/wrap_0/1351_0188_0037_0155_0155.jpg 1 188 37 155 155
wrap/wrap_0/1352_0211_0289_0100_0100.jpg 1 211 289 100 100
wrap/wrap_0/1353_0225_0114_0226_0226.jpg 1 225 114 226 226
wrap/wrap_0/1354_0246_0092_0080_0080.jpg 1 246 92 80 80
wrap/wrap_0/1355_0156_0072_0245_0245.jpg 1 156 72 245 245
wrap/wrap_0/1356_0265_0052_0304_0304.jpg 1 265 52 304 304
wrap/wrap_0/1357_0298_0156_0123_0123.jpg 1 298 156 123 123
wrap/wrap_0/1358_0393_0160_0122_0122.jpg 1 393 160 122 122
wrap/wrap_0/1359_0262_0299_0063_0063.jpg 1 262 299 63 63
wrap/wrap_0/1360_0251_0174_0199_0199.jpg 1 251 174 199 199
wrap/wrap_0/1361_0402_0182_0106_0106.jpg 1 402 182 106 106
wrap/wrap_0/1362_0112_0090_0266_0266.jpg 1 112 90 266 266
wrap/wrap_0/1363_0366_0224_0151_0151.jpg 1 366 224 151 151
wrap/wrap_0/1364_0241_0100_0317_0317.jpg 1 241 100 317 317
wrap/wrap_0/1365_0270_0139_0248_0248.jpg 1 270 139 248 248
wrap/wrap_0/1366_0123_0225_0105_0105.jpg 1 123 225 105 105
wrap/wrap_0/1367_0060_0209_0238_0238.jpg 1 60 209 238 238
wrap/wrap_0/1368_0029_0137_0264_0264.jpg 1 29 137 264 264
wrap/wrap_0/1369_0091_0069_0148_0148.jpg 1 91 69 148 148
wrap/wrap_0/1370_0090_0156_0234_0234.jpg 1 90 156 234 234
wrap/wrap_0/1371_0126_0357_0153_0153.jpg 1 126 357 153 153
wrap/wrap_0/1372_0092_0241_0164_0164.jpg 1 92 241 164 164
wrap/wrap_0/1373_0078_0093_0148_0148.jpg 1 78 93 148 148
wrap/wrap_0/1374_0208_0418_0055_0055.jpg 1 208 418 55 55
wrap/wrap_0/1375_0221_0055_0138_0138.jpg 1 221 55 138 138
wrap/wrap_0/1376_0255_0120_0189_0189.jpg 1 255 120 189 189
wrap/wrap_0/1377_0078_0151_0068_0068.jpg 1 78 151 68 68
wrap/wrap_0/1378_0099_0109_0271_0271.jpg 1 99 109 271 271
wrap/wrap_0/1379_0122_0101_0258_0258.jpg 1 122 101 258 258
wrap/wrap_0/1380_0209_0058_0082_0082.jpg 1 209 58 82 82
wrap/wrap_0/1381_0155_0129_0241_0241.jpg 1 155 129 241 241
wrap/wrap_0/1382_0190_0067_0280_0280.jpg 1 190 67 280 280
wrap/wrap_0/1383_0196_0119_0239_0239.jpg 1 196 119 239 239
wrap/wrap_0/1384_0198_0122_0314_0314.jpg 1 198 122 314 314
wrap/wrap_0/1385_0132_0111_0307_0307.jpg 1 132 111 307 307
wrap/wrap_0/1386_0151_0099_0150_0150.jpg 1 151 99 150 150
wrap/wrap_0/1387_0050_0111_0214_0214.jpg 1 50 111 214 214
wrap/wrap_0/1388_0073_0198_0094_0094.jpg 1 73 198 94 94
wrap/wrap_0/1389_0094_0046_0285_0285.jpg 1 94 46 285 285
wrap/wrap_0/1390_0195_0105_0251_0251.jpg 1 195 105 251 251
wrap/wrap_0/1391_0043_0125_0285_0285.jpg 1 43 125 285 285
wrap/wrap_0/1392_0214_0122_0310_0310.jpg 1 214 122 310 310
wrap/wrap_0/1393_0185_0036_0232_0232.jpg 1 185 36 232 232
wrap/wrap_0/1394_0158_0052_0281_0281.jpg 1 158 52 281 281
wrap/wrap_0/1395_0042_0078_0208_0208.jpg 1 42 78 208 208
wrap/wrap_0/1396_0062_0331_0217_0217.jpg 1 62 331 217 217
wrap/wrap_0/1397_0223_0153_0182_0182.jpg 1 223 153 182 182
wrap/wrap_0/1398_0116_0238_0156_0156.jpg 1 116 238 156 156
wrap/wrap_0/1399_0042_0129_0308_0308.jpg 1 42 129 308 308
wrap/wrap_0/1400_0266_0073_0133_0133.jpg 1 266 73 133 133
wrap/wrap_0/1401_0256_0115_0307_0307.jpg 1 256 115 307 307
wrap/wrap_0/1402_0139_0153_0222_0222.jpg 1 139 153 222 222
wrap/wrap_0/1403_0357_0134_0118_0118.jpg 1 357 134 118 118
wrap/wrap_0/1404_0268_0081_0199_0199.jpg 1 268 81 199 199
wrap/wrap_0/1405_0244_0072_0220_0220.jpg 1 244 72 220 220
wrap/wrap_0/1406_0159_0034_0307_0307.jpg 1 159 34 307 307
wrap/wrap_0/1407_0226_0109_0277_0277.jpg 1 226 109 277 277
wrap/wrap_0/1408_0267_0150_0149_0149.jpg 1 267 150 149 149
wrap/wrap_0/1409_0377_0202_0144_0144.jpg 1 377 202 144 144
wrap/wrap_0/1410_0186_0019_0286_0286.jpg 1 186 19 286 286
wrap/wrap_0/1411_0404_0205_0098_0098.jpg 1 404 205 98 98
wrap/wrap_0/1412_0257_0173_0120_0120.jpg 1 257 173 120 120
wrap/wrap_0/1413_0224_0075_0145_0145.jpg 1 224 75 145 145
wrap/wrap_0/1414_0040_0172_0257_0257.jpg 1 40 172 257 257
wrap/wrap_0/1415_0238_0129_0309_0309.jpg 1 238 129 309 309
wrap/wrap_0/1416_0152_0030_0214_0214.jpg 1 152 30 214 214
wrap/wrap_0/1417_0118_0141_0286_0286.jpg 1 118 141 286 286
wrap/wrap_0/1418_0066_0110_0185_0185.jpg 1 66 110 185 185
wrap/wrap_0/1419_0176_0092_0332_0332.jpg 1 176 92 332 332
wrap/wrap_0/1420_0362_0120_0173_0173.jpg 1 362 120 173 173
wrap/wrap_0/1421_0421_0252_0081_0081.jpg 1 421 252 81 81
wrap/wrap_0/1422_0093_0130_0253_0253.jpg 1 93 130 253 253
wrap/wrap_0/1423_0241_0142_0148_0148.jpg 1 241 142 148 148
wrap/wrap_0/1424_0372_0295_0096_0096.jpg 1 372 295 96 96
wrap/wrap_0/1425_0138_0222_0172_0172.jpg 1 138 222 172 172
wrap/wrap_0/1426_0298_0177_0151_0151.jpg 1 298 177 151 151
wrap/wrap_0/1427_0112_0046_0205_0205.jpg 1 112 46 205 205
wrap/wrap_0/1428_0083_0352_0178_0178.jpg 1 83 352 178 178
wrap/wrap_0/1429_0383_0176_0105_0105.jpg 1 383 176 105 105
wrap/wrap_0/1430_0108_0167_0159_0159.jpg 1 108 167 159 159
wrap/wrap_0/1431_0179_0210_0197_0197.jpg 1 179 210 197 197
wrap/wrap_0/1432_0131_0115_0118_0118.jpg 1 131 115 118 118
wrap/wrap_0/1433_0173_0026_0255_0255.jpg 1 173 26 255 255
wrap/wrap_0/1434_0282_0094_0266_0266.jpg 1 282 94 266 266
wrap/wrap_0/1435_0207_0151_0288_0288.jpg 1 207 151 288 288
wrap/wrap_0/1436_0262_0208_0128_0128.jpg 1 262 208 128 128
wrap/wrap_0/1437_0373_0338_0053_0053.jpg 1 373 338 53 53
wrap/wrap_0/1438_0189_0042_0249_0249.jpg 1 189 42 249 249
wrap/wrap_0/1439_0312_0085_0246_0246.jpg 1 312 85 246 246
wrap/wrap_0/1440_0266_0054_0301_0301.jpg 1 266 54 301 301
wrap/wrap_0/1441_0041_0093_0234_0234.jpg 1 41 93 234 234
wrap/wrap_0/1442_0225_0061_0304_0304.jpg 1 225 61 304 304
wrap/wrap_0/1443_0219_0119_0286_0286.jpg 1 219 119 286 286
wrap/wrap_0/1444_0382_0110_0068_0068.jpg 1 382 110 68 68
wrap/wrap_0/1445_0196_0048_0056_0056.jpg 1 196 48 56 56
wrap/wrap_0/1446_0055_0093_0180_0180.jpg 1 55 93 180 180
wrap/wrap_0/1447_0210_0080_0176_0176.jpg 1 210 80 176 176
wrap/wrap_0/1448_0052_0044_0190_0190.jpg 1 52 44 190 190
wrap/wrap_0/1449_0145_0154_0222_0222.jpg 1 145 154 222 222
wrap/wrap_0/1450_0306_0203_0136_0136.jpg 1 306 203 136 136
wrap/wrap_0/1451_0066_0027_0277_0277.jpg 1 66 27 277 277
wrap/wrap_0/1452_0199_0045_0309_0309.jpg 1 199 45 309 309
wrap/wrap_0/1453_0233_0113_0090_0090.jpg 1 233 113 90 90
wrap/wrap_0/1454_0267_0248_0114_0114.jpg 1 267 248 114 114
wrap/wrap_0/1455_0236_0068_0288_0288.jpg 1 236 68 288 288
wrap/wrap_0/1456_0342_0197_0084_0084.jpg 1 342 197 84 84
wrap/wrap_0/1457_0173_0070_0254_0254.jpg 1 173 70 254 254
wrap/wrap_0/1458_0086_0153_0084_0084.jpg 1 86 153 84 84
wrap/wrap_0/1459_0112_0123_0286_0286.jpg 1 112 123 286 286
wrap/wrap_0/1460_0130_0114_0191_0191.jpg 1 130 114 191 191
wrap/wrap_0/1461_0195_0190_0193_0193.jpg 1 195 190 193 193
wrap/wrap_0/1462_0083_0201_0135_0135.jpg 1 83 201 135 135
wrap/wrap_0/1463_0233_0157_0129_0129.jpg 1 233 157 129 129
wrap/wrap_0/1464_0174_0100_0261_0261.jpg 1 174 100 261 261
wrap/wrap_0/1465_0208_0096_0097_0097.jpg 1 208 96 97 97
wrap/wrap_0/1466_0289_0038_0259_0259.jpg 1 289 38 259 259
wrap/wrap_0/1467_0203_0153_0192_0192.jpg 1 203 153 192 192
wrap/wrap_0/1468_0330_0095_0198_0198.jpg 1 330 95 198 198
wrap/wrap_0/1469_0307_0224_0177_0177.jpg 1 307 224 177 177
wrap/wrap_0/1470_0330_0074_0126_0126.jpg 1 330 74 126 126
wrap/wrap_0/1471_0214_0174_0200_0200.jpg 1 214 174 200 200
wrap/wrap_0/1472_0113_0105_0251_0251.jpg 1 113 105 251 251
wrap/wrap_0/1473_0334_0274_0059_0059.jpg 1 334 274 59 59
wrap/wrap_0/1474_0122_0032_0294_0294.jpg 1 122 32 294 294
wrap/wrap_0/1475_0327_0185_0108_0108.jpg 1 327 185 108 108
wrap/wrap_0/1476_0200_0062_0209_0209.jpg 1 200 62 209 209
wrap/wrap_0/1477_0148_0120_0055_0055.jpg 1 148 120 55 55
wrap/wrap_0/1478_0160_0122_0086_0086.jpg 1 160 122 86 86
wrap/wrap_0/1479_0099_0140_0284_0284.jpg 1 99 140 284 284
wrap/wrap_0/1480_0079_0220_0130_0130.jpg 1 79 220 130 130
wrap/wrap_0/1481_0178_0062_0315_0315.jpg 1 178 62 315 315
wrap/wrap_0/1482_0439_0259_0089_0089.jpg 1 439 259 89 89
wrap/wrap_0/1483_0165_0052_0152_0152.jpg 1 165 52 152 152
wrap/wrap_0/1484_0145_0223_0074_0074.jpg 1 145 223 74 74
wrap/wrap_0/1485_0103_0038_0219_0219.jpg 1 103 38 219 219
wrap/wrap_0/1486_0122_0086_0069_0069.jpg 1 122 86 69 69
wrap/wrap_0/1487_0060_0037_0241_0241.jpg 1 60 37 241 241
wrap/wrap_0/1488_0243_0144_0246_0246.jpg 1 243 144 246 246
wrap/wrap_0/1489_0116_0106_0190_0190.jpg 1 116 106 190 190
wrap/wrap_0/1490_0086_0082_0176_0176.jpg 1 86 82 176 176
wrap/wrap_0/1491_0247_0155_0103_0103.jpg 1 247 155 103 103
wrap/wrap_0/1492_0172_0069_0264_0264.jpg 1 172 69 264 264
wrap/wrap_0/1493_0068_0066_0275_0275.jpg 1 68 66 275 275
wrap/wrap_0/1494_0266_0127_0120_0120.jpg 1 266 127 120 120
wrap/wrap_0/1495_0230_0165_0202_0202.jpg 1 230 165 202 202
wrap/wrap_0/1496_0283_0126_0249_0249.jpg 1 283 126 249 249
wrap/wrap_0/1497_0044_0346_0175_0175.jpg 1 44 346 175 175
wrap/wrap_0/1498_0256_0363_0121_0121.jpg 1 256 363 121 121
wrap/wrap_0/1499_0339_0229_0120_0120.jpg 1 339 229 120 120
wrap/wrap_0/1500_0134_0030_0259_0259.jpg 1 134 30 259 259
