pencil/pencil_6/0001_0100_0046_0249_0249.jpg 1 100 46 249 249
pencil/pencil_6/0002_0095_0179_0149_0149.jpg 1 95 179 149 149
pencil/pencil_6/0003_0177_0066_0199_0199.jpg 1 177 66 199 199
pencil/pencil_6/0004_0127_0037_0233_0233.jpg 1 127 37 233 233
pencil/pencil_6/0005_0125_0160_0189_0189.jpg 1 125 160 189 189
pencil/pencil_6/0006_0287_0035_0176_0176.jpg 1 287 35 176 176
pencil/pencil_6/0007_0129_0141_0275_0275.jpg 1 129 141 275 275
pencil/pencil_6/0008_0376_0241_0093_0093.jpg 1 376 241 93 93
pencil/pencil_6/0009_0228_0097_0268_0268.jpg 1 228 97 268 268
pencil/pencil_6/0010_0277_0127_0254_0254.jpg 1 277 127 254 254
pencil/pencil_6/0011_0145_0156_0214_0214.jpg 1 145 156 214 214
pencil/pencil_6/0012_0072_0240_0217_0217.jpg 1 72 240 217 217
pencil/pencil_6/0013_0320_0208_0049_0049.jpg 1 320 208 49 49
pencil/pencil_6/0014_0234_0063_0091_0091.jpg 1 234 63 91 91
pencil/pencil_6/0015_0346_0072_0148_0148.jpg 1 346 72 148 148
pencil/pencil_6/0016_0270_0227_0088_0088.jpg 1 270 227 88 88
pencil/pencil_6/0017_0105_0061_0295_0295.jpg 1 105 61 295 295
pencil/pencil_6/0018_0107_0116_0240_0240.jpg 1 107 116 240 240
pencil/pencil_6/0019_0252_0251_0083_0083.jpg 1 252 251 83 83
pencil/pencil_6/0020_0273_0076_0291_0291.jpg 1 273 76 291 291
pencil/pencil_6/0021_0077_0169_0264_0264.jpg 1 77 169 264 264
pencil/pencil_6/0022_0213_0089_0097_0097.jpg 1 213 89 97 97
pencil/pencil_6/0023_0122_0100_0167_0167.jpg 1 122 100 167 167
pencil/pencil_6/0024_0140_0153_0285_0285.jpg 1 140 153 285 285
pencil/pencil_6/0025_0105_0162_0264_0264.jpg 1 105 162 264 264
pencil/pencil_6/0026_0111_0089_0268_0268.jpg 1 111 89 268 268
pencil/pencil_6/0027_0084_0058_0064_0064.jpg 1 84 58 64 64
pencil/pencil_6/0028_0060_0109_0271_0271.jpg 1 60 109 271 271
pencil/pencil_6/0029_0181_0178_0253_0253.jpg 1 181 178 253 253
pencil/pencil_6/0030_0162_0052_0194_0194.jpg 1 162 52 194 194
pencil/pencil_6/0031_0154_0140_0281_0281.jpg 1 154 140 281 281
pencil/pencil_6/0032_0168_0150_0231_0231.jpg 1 168 150 231 231
pencil/pencil_6/0033_0198_0025_0267_0267.jpg 1 198 25 267 267
pencil/pencil_6/0034_0327_0190_0186_0186.jpg 1 327 190 186 186
pencil/pencil_6/0035_0362_0238_0137_0137.jpg 1 362 238 137 137
pencil/pencil_6/0036_0170_0086_0270_0270.jpg 1 170 86 270 270
pencil/pencil_6/0037_0124_0086_0239_0239.jpg 1 124 86 239 239
pencil/pencil_6/0038_0222_0114_0264_0264.jpg 1 222 114 264 264
pencil/pencil_6/0039_0215_0130_0205_0205.jpg 1 215 130 205 205
pencil/pencil_6/0040_0077_0086_0076_0076.jpg 1 77 86 76 76
pencil/pencil_6/0041_0099_0059_0186_0186.jpg 1 99 59 186 186
pencil/pencil_6/0042_0079_0052_0219_0219.jpg 1 79 52 219 219
pencil/pencil_6/0043_0080_0076_0099_0099.jpg 1 80 76 99 99
pencil/pencil_6/0044_0202_0031_0228_0228.jpg 1 202 31 228 228
pencil/pencil_6/0045_0086_0168_0185_0185.jpg 1 86 168 185 185
pencil/pencil_6/0046_0081_0231_0159_0159.jpg 1 81 231 159 159
pencil/pencil_6/0047_0150_0114_0289_0289.jpg 1 150 114 289 289
pencil/pencil_6/0048_0377_0152_0083_0083.jpg 1 377 152 83 83
pencil/pencil_6/0049_0399_0333_0048_0048.jpg 1 399 333 48 48
pencil/pencil_6/0050_0288_0196_0208_0208.jpg 1 288 196 208 208
pencil/pencil_6/0051_0058_0310_0053_0053.jpg 1 58 310 53 53
pencil/pencil_6/0052_0348_0044_0127_0127.jpg 1 348 44 127 127
pencil/pencil_6/0053_0072_0105_0119_0119.jpg 1 72 105 119 119
pencil/pencil_6/0054_0076_0215_0180_0180.jpg 1 76 215 180 180
pencil/pencil_6/0055_0311_0080_0228_0228.jpg 1 311 80 228 228
pencil/pencil_6/0056_0203_0088_0134_0134.jpg 1 203 88 134 134
pencil/pencil_6/0057_0243_0102_0219_0219.jpg 1 243 102 219 219
pencil/pencil_6/0058_0183_0240_0075_0075.jpg 1 183 240 75 75
pencil/pencil_6/0059_0201_0279_0090_0090.jpg 1 201 279 90 90
pencil/pencil_6/0060_0324_0085_0165_0165.jpg 1 324 85 165 165
pencil/pencil_6/0061_0270_0089_0277_0277.jpg 1 270 89 277 277
pencil/pencil_6/0062_0058_0272_0059_0059.jpg 1 58 272 59 59
pencil/pencil_6/0063_0313_0106_0095_0095.jpg 1 313 106 95 95
pencil/pencil_6/0064_0182_0154_0169_0169.jpg 1 182 154 169 169
pencil/pencil_6/0065_0171_0221_0187_0187.jpg 1 171 221 187 187
pencil/pencil_6/0066_0310_0054_0246_0246.jpg 1 310 54 246 246
pencil/pencil_6/0067_0185_0052_0204_0204.jpg 1 185 52 204 204
pencil/pencil_6/0068_0118_0169_0065_0065.jpg 1 118 169 65 65
pencil/pencil_6/0069_0124_0378_0053_0053.jpg 1 124 378 53 53
pencil/pencil_6/0070_0396_0167_0082_0082.jpg 1 396 167 82 82
pencil/pencil_6/0071_0212_0210_0187_0187.jpg 1 212 210 187 187
pencil/pencil_6/0072_0264_0140_0283_0283.jpg 1 264 140 283 283
pencil/pencil_6/0073_0128_0165_0176_0176.jpg 1 128 165 176 176
pencil/pencil_6/0074_0166_0045_0249_0249.jpg 1 166 45 249 249
pencil/pencil_6/0075_0223_0074_0254_0254.jpg 1 223 74 254 254
pencil/pencil_6/0076_0107_0098_0292_0292.jpg 1 107 98 292 292
pencil/pencil_6/0077_0068_0128_0258_0258.jpg 1 68 128 258 258
pencil/pencil_6/0078_0372_0060_0146_0146.jpg 1 372 60 146 146
pencil/pencil_6/0079_0046_0145_0280_0280.jpg 1 46 145 280 280
pencil/pencil_6/0080_0285_0110_0111_0111.jpg 1 285 110 111 111
pencil/pencil_6/0081_0106_0285_0115_0115.jpg 1 106 285 115 115
pencil/pencil_6/0082_0110_0099_0275_0275.jpg 1 110 99 275 275
pencil/pencil_6/0083_0073_0163_0112_0112.jpg 1 73 163 112 112
pencil/pencil_6/0084_0272_0159_0274_0274.jpg 1 272 159 274 274
pencil/pencil_6/0085_0349_0050_0171_0171.jpg 1 349 50 171 171
pencil/pencil_6/0086_0057_0137_0205_0205.jpg 1 57 137 205 205
pencil/pencil_6/0087_0388_0226_0110_0110.jpg 1 388 226 110 110
pencil/pencil_6/0088_0142_0195_0076_0076.jpg 1 142 195 76 76
pencil/pencil_6/0089_0314_0161_0180_0180.jpg 1 314 161 180 180
pencil/pencil_6/0090_0158_0125_0251_0251.jpg 1 158 125 251 251
pencil/pencil_6/0091_0211_0165_0168_0168.jpg 1 211 165 168 168
pencil/pencil_6/0092_0129_0092_0167_0167.jpg 1 129 92 167 167
pencil/pencil_6/0093_0236_0119_0248_0248.jpg 1 236 119 248 248
pencil/pencil_6/0094_0166_0169_0207_0207.jpg 1 166 169 207 207
pencil/pencil_6/0095_0326_0083_0224_0224.jpg 1 326 83 224 224
pencil/pencil_6/0096_0104_0057_0217_0217.jpg 1 104 57 217 217
pencil/pencil_6/0097_0234_0117_0263_0263.jpg 1 234 117 263 263
pencil/pencil_6/0098_0109_0091_0291_0291.jpg 1 109 91 291 291
pencil/pencil_6/0099_0166_0238_0131_0131.jpg 1 166 238 131 131
pencil/pencil_6/0100_0160_0156_0160_0160.jpg 1 160 156 160 160
pencil/pencil_6/0101_0101_0310_0202_0202.jpg 1 101 310 202 202
pencil/pencil_6/0102_0231_0278_0078_0078.jpg 1 231 278 78 78
pencil/pencil_6/0103_0172_0052_0091_0091.jpg 1 172 52 91 91
pencil/pencil_6/0104_0069_0144_0198_0198.jpg 1 69 144 198 198
pencil/pencil_6/0105_0144_0068_0297_0297.jpg 1 144 68 297 297
pencil/pencil_6/0106_0103_0315_0211_0211.jpg 1 103 315 211 211
pencil/pencil_6/0107_0126_0121_0240_0240.jpg 1 126 121 240 240
pencil/pencil_6/0108_0108_0289_0070_0070.jpg 1 108 289 70 70
pencil/pencil_6/0109_0245_0068_0248_0248.jpg 1 245 68 248 248
pencil/pencil_6/0110_0261_0263_0114_0114.jpg 1 261 263 114 114
pencil/pencil_6/0111_0454_0201_0055_0055.jpg 1 454 201 55 55
pencil/pencil_6/0112_0103_0334_0192_0192.jpg 1 103 334 192 192
pencil/pencil_6/0113_0393_0081_0142_0142.jpg 1 393 81 142 142
pencil/pencil_6/0114_0082_0075_0250_0250.jpg 1 82 75 250 250
pencil/pencil_6/0115_0167_0373_0140_0140.jpg 1 167 373 140 140
pencil/pencil_6/0116_0217_0079_0243_0243.jpg 1 217 79 243 243
pencil/pencil_6/0117_0110_0184_0066_0066.jpg 1 110 184 66 66
pencil/pencil_6/0118_0252_0180_0139_0139.jpg 1 252 180 139 139
pencil/pencil_6/0119_0096_0106_0230_0230.jpg 1 96 106 230 230
pencil/pencil_6/0120_0049_0192_0235_0235.jpg 1 49 192 235 235
pencil/pencil_6/0121_0089_0175_0197_0197.jpg 1 89 175 197 197
pencil/pencil_6/0122_0066_0149_0250_0250.jpg 1 66 149 250 250
pencil/pencil_6/0123_0278_0121_0234_0234.jpg 1 278 121 234 234
pencil/pencil_6/0124_0209_0052_0110_0110.jpg 1 209 52 110 110
pencil/pencil_6/0125_0203_0031_0183_0183.jpg 1 203 31 183 183
pencil/pencil_6/0126_0274_0306_0074_0074.jpg 1 274 306 74 74
pencil/pencil_6/0127_0228_0217_0133_0133.jpg 1 228 217 133 133
pencil/pencil_6/0128_0125_0189_0171_0171.jpg 1 125 189 171 171
pencil/pencil_6/0129_0265_0400_0124_0124.jpg 1 265 400 124 124
pencil/pencil_6/0130_0333_0045_0138_0138.jpg 1 333 45 138 138
pencil/pencil_6/0131_0079_0132_0275_0275.jpg 1 79 132 275 275
pencil/pencil_6/0132_0263_0137_0151_0151.jpg 1 263 137 151 151
pencil/pencil_6/0133_0378_0276_0127_0127.jpg 1 378 276 127 127
pencil/pencil_6/0134_0315_0115_0172_0172.jpg 1 315 115 172 172
pencil/pencil_6/0135_0447_0231_0068_0068.jpg 1 447 231 68 68
pencil/pencil_6/0136_0401_0239_0094_0094.jpg 1 401 239 94 94
pencil/pencil_6/0137_0404_0110_0094_0094.jpg 1 404 110 94 94
pencil/pencil_6/0138_0263_0132_0104_0104.jpg 1 263 132 104 104
pencil/pencil_6/0139_0363_0177_0164_0164.jpg 1 363 177 164 164
pencil/pencil_6/0140_0067_0285_0070_0070.jpg 1 67 285 70 70
pencil/pencil_6/0141_0213_0095_0162_0162.jpg 1 213 95 162 162
pencil/pencil_6/0142_0325_0033_0227_0227.jpg 1 325 33 227 227
pencil/pencil_6/0143_0237_0211_0092_0092.jpg 1 237 211 92 92
pencil/pencil_6/0144_0266_0082_0126_0126.jpg 1 266 82 126 126
pencil/pencil_6/0145_0194_0149_0170_0170.jpg 1 194 149 170 170
pencil/pencil_6/0146_0173_0041_0288_0288.jpg 1 173 41 288 288
pencil/pencil_6/0147_0214_0131_0280_0280.jpg 1 214 131 280 280
pencil/pencil_6/0148_0138_0095_0185_0185.jpg 1 138 95 185 185
pencil/pencil_6/0149_0300_0233_0139_0139.jpg 1 300 233 139 139
pencil/pencil_6/0150_0085_0181_0111_0111.jpg 1 85 181 111 111
pencil/pencil_6/0151_0253_0373_0105_0105.jpg 1 253 373 105 105
pencil/pencil_6/0152_0063_0041_0215_0215.jpg 1 63 41 215 215
pencil/pencil_6/0153_0208_0121_0155_0155.jpg 1 208 121 155 155
pencil/pencil_6/0154_0233_0042_0267_0267.jpg 1 233 42 267 267
pencil/pencil_6/0155_0204_0249_0217_0217.jpg 1 204 249 217 217
pencil/pencil_6/0156_0087_0187_0239_0239.jpg 1 87 187 239 239
pencil/pencil_6/0157_0096_0064_0230_0230.jpg 1 96 64 230 230
pencil/pencil_6/0158_0155_0025_0274_0274.jpg 1 155 25 274 274
pencil/pencil_6/0159_0363_0263_0147_0147.jpg 1 363 263 147 147
pencil/pencil_6/0160_0136_0195_0136_0136.jpg 1 136 195 136 136
pencil/pencil_6/0161_0118_0141_0064_0064.jpg 1 118 141 64 64
pencil/pencil_6/0162_0114_0200_0064_0064.jpg 1 114 200 64 64
pencil/pencil_6/0163_0286_0102_0237_0237.jpg 1 286 102 237 237
pencil/pencil_6/0164_0077_0042_0212_0212.jpg 1 77 42 212 212
pencil/pencil_6/0165_0049_0332_0187_0187.jpg 1 49 332 187 187
pencil/pencil_6/0166_0362_0085_0106_0106.jpg 1 362 85 106 106
pencil/pencil_6/0167_0231_0262_0068_0068.jpg 1 231 262 68 68
pencil/pencil_6/0168_0134_0162_0075_0075.jpg 1 134 162 75 75
pencil/pencil_6/0169_0326_0203_0056_0056.jpg 1 326 203 56 56
pencil/pencil_6/0170_0095_0027_0222_0222.jpg 1 95 27 222 222
pencil/pencil_6/0171_0187_0044_0210_0210.jpg 1 187 44 210 210
pencil/pencil_6/0172_0314_0177_0104_0104.jpg 1 314 177 104 104
pencil/pencil_6/0173_0028_0072_0238_0238.jpg 1 28 72 238 238
pencil/pencil_6/0174_0291_0242_0087_0087.jpg 1 291 242 87 87
pencil/pencil_6/0175_0099_0110_0290_0290.jpg 1 99 110 290 290
pencil/pencil_6/0176_0087_0117_0100_0100.jpg 1 87 117 100 100
pencil/pencil_6/0177_0401_0116_0099_0099.jpg 1 401 116 99 99
pencil/pencil_6/0178_0390_0198_0124_0124.jpg 1 390 198 124 124
pencil/pencil_6/0179_0072_0241_0194_0194.jpg 1 72 241 194 194
pencil/pencil_6/0180_0059_0312_0067_0067.jpg 1 59 312 67 67
pencil/pencil_6/0181_0358_0117_0131_0131.jpg 1 358 117 131 131
pencil/pencil_6/0182_0090_0079_0298_0298.jpg 1 90 79 298 298
pencil/pencil_6/0183_0200_0159_0056_0056.jpg 1 200 159 56 56
pencil/pencil_6/0184_0081_0081_0145_0145.jpg 1 81 81 145 145
pencil/pencil_6/0185_0117_0147_0199_0199.jpg 1 117 147 199 199
pencil/pencil_6/0186_0062_0118_0138_0138.jpg 1 62 118 138 138
pencil/pencil_6/0187_0192_0149_0201_0201.jpg 1 192 149 201 201
pencil/pencil_6/0188_0089_0133_0242_0242.jpg 1 89 133 242 242
pencil/pencil_6/0189_0136_0206_0115_0115.jpg 1 136 206 115 115
pencil/pencil_6/0190_0139_0301_0084_0084.jpg 1 139 301 84 84
pencil/pencil_6/0191_0244_0176_0240_0240.jpg 1 244 176 240 240
pencil/pencil_6/0192_0222_0085_0117_0117.jpg 1 222 85 117 117
pencil/pencil_6/0193_0130_0041_0281_0281.jpg 1 130 41 281 281
pencil/pencil_6/0194_0188_0080_0297_0297.jpg 1 188 80 297 297
pencil/pencil_6/0195_0097_0136_0080_0080.jpg 1 97 136 80 80
pencil/pencil_6/0196_0264_0140_0272_0272.jpg 1 264 140 272 272
pencil/pencil_6/0197_0105_0074_0132_0132.jpg 1 105 74 132 132
pencil/pencil_6/0198_0311_0228_0174_0174.jpg 1 311 228 174 174
pencil/pencil_6/0199_0326_0157_0174_0174.jpg 1 326 157 174 174
pencil/pencil_6/0200_0068_0064_0236_0236.jpg 1 68 64 236 236
pencil/pencil_6/0201_0179_0124_0195_0195.jpg 1 179 124 195 195
pencil/pencil_6/0202_0146_0179_0168_0168.jpg 1 146 179 168 168
pencil/pencil_6/0203_0049_0205_0297_0297.jpg 1 49 205 297 297
pencil/pencil_6/0204_0149_0077_0211_0211.jpg 1 149 77 211 211
pencil/pencil_6/0205_0126_0182_0159_0159.jpg 1 126 182 159 159
pencil/pencil_6/0206_0056_0069_0277_0277.jpg 1 56 69 277 277
pencil/pencil_6/0207_0263_0071_0235_0235.jpg 1 263 71 235 235
pencil/pencil_6/0208_0064_0119_0262_0262.jpg 1 64 119 262 262
pencil/pencil_6/0209_0156_0129_0293_0293.jpg 1 156 129 293 293
pencil/pencil_6/0210_0188_0175_0072_0072.jpg 1 188 175 72 72
pencil/pencil_6/0211_0280_0053_0064_0064.jpg 1 280 53 64 64
pencil/pencil_6/0212_0217_0168_0240_0240.jpg 1 217 168 240 240
pencil/pencil_6/0213_0199_0104_0055_0055.jpg 1 199 104 55 55
pencil/pencil_6/0214_0153_0091_0280_0280.jpg 1 153 91 280 280
pencil/pencil_6/0215_0302_0182_0161_0161.jpg 1 302 182 161 161
pencil/pencil_6/0216_0178_0180_0162_0162.jpg 1 178 180 162 162
pencil/pencil_6/0217_0325_0241_0170_0170.jpg 1 325 241 170 170
pencil/pencil_6/0218_0281_0058_0228_0228.jpg 1 281 58 228 228
pencil/pencil_6/0219_0352_0244_0110_0110.jpg 1 352 244 110 110
pencil/pencil_6/0220_0170_0229_0142_0142.jpg 1 170 229 142 142
pencil/pencil_6/0221_0215_0140_0108_0108.jpg 1 215 140 108 108
pencil/pencil_6/0222_0360_0038_0180_0180.jpg 1 360 38 180 180
pencil/pencil_6/0223_0070_0134_0062_0062.jpg 1 70 134 62 62
pencil/pencil_6/0224_0284_0164_0216_0216.jpg 1 284 164 216 216
pencil/pencil_6/0225_0050_0172_0191_0191.jpg 1 50 172 191 191
pencil/pencil_6/0226_0130_0149_0208_0208.jpg 1 130 149 208 208
pencil/pencil_6/0227_0347_0180_0149_0149.jpg 1 347 180 149 149
pencil/pencil_6/0228_0108_0281_0104_0104.jpg 1 108 281 104 104
pencil/pencil_6/0229_0168_0047_0284_0284.jpg 1 168 47 284 284
pencil/pencil_6/0230_0270_0149_0283_0283.jpg 1 270 149 283 283
pencil/pencil_6/0231_0157_0127_0261_0261.jpg 1 157 127 261 261
pencil/pencil_6/0232_0069_0315_0210_0210.jpg 1 69 315 210 210
pencil/pencil_6/0233_0071_0141_0184_0184.jpg 1 71 141 184 184
pencil/pencil_6/0234_0230_0031_0227_0227.jpg 1 230 31 227 227
pencil/pencil_6/0235_0143_0035_0248_0248.jpg 1 143 35 248 248
pencil/pencil_6/0236_0272_0294_0062_0062.jpg 1 272 294 62 62
pencil/pencil_6/0237_0120_0057_0133_0133.jpg 1 120 57 133 133
pencil/pencil_6/0238_0148_0265_0272_0272.jpg 1 148 265 272 272
pencil/pencil_6/0239_0099_0119_0297_0297.jpg 1 99 119 297 297
pencil/pencil_6/0240_0377_0248_0124_0124.jpg 1 377 248 124 124
pencil/pencil_6/0241_0333_0240_0172_0172.jpg 1 333 240 172 172
pencil/pencil_6/0242_0122_0204_0161_0161.jpg 1 122 204 161 161
pencil/pencil_6/0243_0126_0037_0257_0257.jpg 1 126 37 257 257
pencil/pencil_6/0244_0148_0246_0278_0278.jpg 1 148 246 278 278
pencil/pencil_6/0245_0167_0135_0193_0193.jpg 1 167 135 193 193
pencil/pencil_6/0246_0279_0182_0139_0139.jpg 1 279 182 139 139
pencil/pencil_6/0247_0134_0087_0295_0295.jpg 1 134 87 295 295
pencil/pencil_6/0248_0195_0152_0123_0123.jpg 1 195 152 123 123
pencil/pencil_6/0249_0266_0106_0109_0109.jpg 1 266 106 109 109
pencil/pencil_6/0250_0100_0083_0182_0182.jpg 1 100 83 182 182
pencil/pencil_6/0251_0126_0119_0247_0247.jpg 1 126 119 247 247
pencil/pencil_6/0252_0316_0123_0213_0213.jpg 1 316 123 213 213
pencil/pencil_6/0253_0092_0062_0144_0144.jpg 1 92 62 144 144
pencil/pencil_6/0254_0084_0112_0089_0089.jpg 1 84 112 89 89
pencil/pencil_6/0255_0091_0071_0284_0284.jpg 1 91 71 284 284
pencil/pencil_6/0256_0177_0106_0193_0193.jpg 1 177 106 193 193
pencil/pencil_6/0257_0059_0043_0211_0211.jpg 1 59 43 211 211
pencil/pencil_6/0258_0316_0220_0057_0057.jpg 1 316 220 57 57
pencil/pencil_6/0259_0196_0084_0116_0116.jpg 1 196 84 116 116
pencil/pencil_6/0260_0131_0097_0295_0295.jpg 1 131 97 295 295
pencil/pencil_6/0261_0195_0036_0233_0233.jpg 1 195 36 233 233
pencil/pencil_6/0262_0148_0142_0064_0064.jpg 1 148 142 64 64
pencil/pencil_6/0263_0037_0149_0273_0273.jpg 1 37 149 273 273
pencil/pencil_6/0264_0293_0207_0143_0143.jpg 1 293 207 143 143
pencil/pencil_6/0265_0171_0201_0212_0212.jpg 1 171 201 212 212
pencil/pencil_6/0266_0465_0119_0053_0053.jpg 1 465 119 53 53
pencil/pencil_6/0267_0064_0076_0292_0292.jpg 1 64 76 292 292
pencil/pencil_6/0268_0083_0265_0174_0174.jpg 1 83 265 174 174
pencil/pencil_6/0269_0425_0106_0095_0095.jpg 1 425 106 95 95
pencil/pencil_6/0270_0109_0045_0174_0174.jpg 1 109 45 174 174
pencil/pencil_6/0271_0325_0043_0213_0213.jpg 1 325 43 213 213
pencil/pencil_6/0272_0054_0100_0172_0172.jpg 1 54 100 172 172
pencil/pencil_6/0273_0149_0226_0081_0081.jpg 1 149 226 81 81
pencil/pencil_6/0274_0218_0102_0081_0081.jpg 1 218 102 81 81
pencil/pencil_6/0275_0275_0285_0104_0104.jpg 1 275 285 104 104
pencil/pencil_6/0276_0258_0171_0148_0148.jpg 1 258 171 148 148
pencil/pencil_6/0277_0106_0201_0148_0148.jpg 1 106 201 148 148
pencil/pencil_6/0278_0196_0045_0124_0124.jpg 1 196 45 124 124
pencil/pencil_6/0279_0236_0319_0141_0141.jpg 1 236 319 141 141
pencil/pencil_6/0280_0221_0065_0280_0280.jpg 1 221 65 280 280
pencil/pencil_6/0281_0231_0026_0239_0239.jpg 1 231 26 239 239
pencil/pencil_6/0282_0205_0109_0271_0271.jpg 1 205 109 271 271
pencil/pencil_6/0283_0052_0167_0247_0247.jpg 1 52 167 247 247
pencil/pencil_6/0284_0285_0179_0087_0087.jpg 1 285 179 87 87
pencil/pencil_6/0285_0187_0091_0243_0243.jpg 1 187 91 243 243
pencil/pencil_6/0286_0238_0076_0244_0244.jpg 1 238 76 244 244
pencil/pencil_6/0287_0106_0105_0061_0061.jpg 1 106 105 61 61
pencil/pencil_6/0288_0078_0083_0254_0254.jpg 1 78 83 254 254
pencil/pencil_6/0289_0195_0211_0127_0127.jpg 1 195 211 127 127
pencil/pencil_6/0290_0186_0102_0171_0171.jpg 1 186 102 171 171
pencil/pencil_6/0291_0068_0051_0204_0204.jpg 1 68 51 204 204
pencil/pencil_6/0292_0100_0223_0285_0285.jpg 1 100 223 285 285
pencil/pencil_6/0293_0121_0085_0188_0188.jpg 1 121 85 188 188
pencil/pencil_6/0294_0120_0288_0117_0117.jpg 1 120 288 117 117
pencil/pencil_6/0295_0088_0209_0211_0211.jpg 1 88 209 211 211
pencil/pencil_6/0296_0060_0116_0113_0113.jpg 1 60 116 113 113
pencil/pencil_6/0297_0200_0194_0190_0190.jpg 1 200 194 190 190
pencil/pencil_6/0298_0299_0159_0263_0263.jpg 1 299 159 263 263
pencil/pencil_6/0299_0102_0198_0292_0292.jpg 1 102 198 292 292
pencil/pencil_6/0300_0124_0158_0172_0172.jpg 1 124 158 172 172
pencil/pencil_6/0301_0135_0066_0088_0088.jpg 1 135 66 88 88
pencil/pencil_6/0302_0119_0277_0207_0207.jpg 1 119 277 207 207
pencil/pencil_6/0303_0266_0166_0082_0082.jpg 1 266 166 82 82
pencil/pencil_6/0304_0258_0136_0283_0283.jpg 1 258 136 283 283
pencil/pencil_6/0305_0191_0041_0272_0272.jpg 1 191 41 272 272
pencil/pencil_6/0306_0171_0097_0221_0221.jpg 1 171 97 221 221
pencil/pencil_6/0307_0399_0081_0065_0065.jpg 1 399 81 65 65
pencil/pencil_6/0308_0295_0039_0128_0128.jpg 1 295 39 128 128
pencil/pencil_6/0309_0253_0167_0253_0253.jpg 1 253 167 253 253
pencil/pencil_6/0310_0064_0252_0161_0161.jpg 1 64 252 161 161
pencil/pencil_6/0311_0143_0057_0155_0155.jpg 1 143 57 155 155
pencil/pencil_6/0312_0132_0040_0142_0142.jpg 1 132 40 142 142
pencil/pencil_6/0313_0265_0134_0281_0281.jpg 1 265 134 281 281
pencil/pencil_6/0314_0261_0131_0141_0141.jpg 1 261 131 141 141
pencil/pencil_6/0315_0349_0171_0194_0194.jpg 1 349 171 194 194
pencil/pencil_6/0316_0072_0178_0225_0225.jpg 1 72 178 225 225
pencil/pencil_6/0317_0397_0265_0086_0086.jpg 1 397 265 86 86
pencil/pencil_6/0318_0256_0081_0288_0288.jpg 1 256 81 288 288
pencil/pencil_6/0319_0335_0093_0209_0209.jpg 1 335 93 209 209
pencil/pencil_6/0320_0130_0039_0295_0295.jpg 1 130 39 295 295
pencil/pencil_6/0321_0102_0128_0285_0285.jpg 1 102 128 285 285
pencil/pencil_6/0322_0081_0038_0216_0216.jpg 1 81 38 216 216
pencil/pencil_6/0323_0129_0301_0231_0231.jpg 1 129 301 231 231
pencil/pencil_6/0324_0290_0029_0275_0275.jpg 1 290 29 275 275
pencil/pencil_6/0325_0194_0092_0116_0116.jpg 1 194 92 116 116
pencil/pencil_6/0326_0057_0259_0147_0147.jpg 1 57 259 147 147
pencil/pencil_6/0327_0110_0090_0183_0183.jpg 1 110 90 183 183
pencil/pencil_6/0328_0100_0071_0106_0106.jpg 1 100 71 106 106
pencil/pencil_6/0329_0061_0116_0088_0088.jpg 1 61 116 88 88
pencil/pencil_6/0330_0192_0051_0243_0243.jpg 1 192 51 243 243
pencil/pencil_6/0331_0166_0239_0113_0113.jpg 1 166 239 113 113
pencil/pencil_6/0332_0164_0039_0090_0090.jpg 1 164 39 90 90
pencil/pencil_6/0333_0143_0090_0248_0248.jpg 1 143 90 248 248
pencil/pencil_6/0334_0365_0247_0076_0076.jpg 1 365 247 76 76
pencil/pencil_6/0335_0188_0142_0289_0289.jpg 1 188 142 289 289
pencil/pencil_6/0336_0261_0151_0122_0122.jpg 1 261 151 122 122
pencil/pencil_6/0337_0329_0212_0097_0097.jpg 1 329 212 97 97
pencil/pencil_6/0338_0362_0087_0129_0129.jpg 1 362 87 129 129
pencil/pencil_6/0339_0223_0303_0137_0137.jpg 1 223 303 137 137
pencil/pencil_6/0340_0183_0166_0241_0241.jpg 1 183 166 241 241
pencil/pencil_6/0341_0320_0179_0236_0236.jpg 1 320 179 236 236
pencil/pencil_6/0342_0382_0225_0112_0112.jpg 1 382 225 112 112
pencil/pencil_6/0343_0284_0234_0128_0128.jpg 1 284 234 128 128
pencil/pencil_6/0344_0287_0054_0127_0127.jpg 1 287 54 127 127
pencil/pencil_6/0345_0141_0053_0143_0143.jpg 1 141 53 143 143
pencil/pencil_6/0346_0158_0044_0227_0227.jpg 1 158 44 227 227
pencil/pencil_6/0347_0449_0299_0070_0070.jpg 1 449 299 70 70
pencil/pencil_6/0348_0150_0109_0198_0198.jpg 1 150 109 198 198
pencil/pencil_6/0349_0257_0131_0296_0296.jpg 1 257 131 296 296
pencil/pencil_6/0350_0265_0187_0237_0237.jpg 1 265 187 237 237
pencil/pencil_6/0351_0041_0101_0254_0254.jpg 1 41 101 254 254
pencil/pencil_6/0352_0109_0095_0265_0265.jpg 1 109 95 265 265
pencil/pencil_6/0353_0092_0171_0140_0140.jpg 1 92 171 140 140
pencil/pencil_6/0354_0062_0129_0188_0188.jpg 1 62 129 188 188
pencil/pencil_6/0355_0191_0058_0209_0209.jpg 1 191 58 209 209
pencil/pencil_6/0356_0401_0297_0073_0073.jpg 1 401 297 73 73
pencil/pencil_6/0357_0366_0245_0077_0077.jpg 1 366 245 77 77
pencil/pencil_6/0358_0080_0049_0253_0253.jpg 1 80 49 253 253
pencil/pencil_6/0359_0322_0300_0078_0078.jpg 1 322 300 78 78
pencil/pencil_6/0360_0387_0124_0104_0104.jpg 1 387 124 104 104
pencil/pencil_6/0361_0082_0332_0117_0117.jpg 1 82 332 117 117
pencil/pencil_6/0362_0250_0240_0169_0169.jpg 1 250 240 169 169
pencil/pencil_6/0363_0137_0215_0229_0229.jpg 1 137 215 229 229
pencil/pencil_6/0364_0310_0185_0247_0247.jpg 1 310 185 247 247
pencil/pencil_6/0365_0294_0176_0119_0119.jpg 1 294 176 119 119
pencil/pencil_6/0366_0051_0160_0261_0261.jpg 1 51 160 261 261
pencil/pencil_6/0367_0194_0167_0140_0140.jpg 1 194 167 140 140
pencil/pencil_6/0368_0076_0248_0271_0271.jpg 1 76 248 271 271
pencil/pencil_6/0369_0197_0071_0222_0222.jpg 1 197 71 222 222
pencil/pencil_6/0370_0208_0195_0149_0149.jpg 1 208 195 149 149
pencil/pencil_6/0371_0280_0164_0204_0204.jpg 1 280 164 204 204
pencil/pencil_6/0372_0366_0041_0052_0052.jpg 1 366 41 52 52
pencil/pencil_6/0373_0133_0089_0272_0272.jpg 1 133 89 272 272
pencil/pencil_6/0374_0157_0156_0170_0170.jpg 1 157 156 170 170
pencil/pencil_6/0375_0074_0146_0186_0186.jpg 1 74 146 186 186
pencil/pencil_6/0376_0103_0039_0272_0272.jpg 1 103 39 272 272
pencil/pencil_6/0377_0068_0123_0079_0079.jpg 1 68 123 79 79
pencil/pencil_6/0378_0115_0261_0068_0068.jpg 1 115 261 68 68
pencil/pencil_6/0379_0244_0097_0256_0256.jpg 1 244 97 256 256
pencil/pencil_6/0380_0101_0099_0109_0109.jpg 1 101 99 109 109
pencil/pencil_6/0381_0193_0271_0092_0092.jpg 1 193 271 92 92
pencil/pencil_6/0382_0259_0162_0104_0104.jpg 1 259 162 104 104
pencil/pencil_6/0383_0075_0197_0086_0086.jpg 1 75 197 86 86
pencil/pencil_6/0384_0260_0029_0249_0249.jpg 1 260 29 249 249
pencil/pencil_6/0385_0027_0275_0173_0173.jpg 1 27 275 173 173
pencil/pencil_6/0386_0215_0049_0080_0080.jpg 1 215 49 80 80
pencil/pencil_6/0387_0127_0053_0241_0241.jpg 1 127 53 241 241
pencil/pencil_6/0388_0206_0085_0104_0104.jpg 1 206 85 104 104
pencil/pencil_6/0389_0222_0424_0078_0078.jpg 1 222 424 78 78
pencil/pencil_6/0390_0339_0052_0208_0208.jpg 1 339 52 208 208
pencil/pencil_6/0391_0179_0158_0275_0275.jpg 1 179 158 275 275
pencil/pencil_6/0392_0349_0145_0193_0193.jpg 1 349 145 193 193
pencil/pencil_6/0393_0138_0357_0133_0133.jpg 1 138 357 133 133
pencil/pencil_6/0394_0161_0276_0241_0241.jpg 1 161 276 241 241
pencil/pencil_6/0395_0157_0104_0277_0277.jpg 1 157 104 277 277
pencil/pencil_6/0396_0133_0098_0133_0133.jpg 1 133 98 133 133
pencil/pencil_6/0397_0248_0038_0262_0262.jpg 1 248 38 262 262
pencil/pencil_6/0398_0080_0343_0140_0140.jpg 1 80 343 140 140
pencil/pencil_6/0399_0241_0057_0204_0204.jpg 1 241 57 204 204
pencil/pencil_6/0400_0248_0138_0169_0169.jpg 1 248 138 169 169
pencil/pencil_6/0401_0293_0177_0067_0067.jpg 1 293 177 67 67
pencil/pencil_6/0402_0311_0170_0194_0194.jpg 1 311 170 194 194
pencil/pencil_6/0403_0190_0073_0285_0285.jpg 1 190 73 285 285
pencil/pencil_6/0404_0056_0124_0280_0280.jpg 1 56 124 280 280
pencil/pencil_6/0405_0070_0042_0199_0199.jpg 1 70 42 199 199
pencil/pencil_6/0406_0125_0041_0178_0178.jpg 1 125 41 178 178
pencil/pencil_6/0407_0299_0145_0090_0090.jpg 1 299 145 90 90
pencil/pencil_6/0408_0137_0140_0213_0213.jpg 1 137 140 213 213
pencil/pencil_6/0409_0268_0241_0048_0048.jpg 1 268 241 48 48
pencil/pencil_6/0410_0172_0097_0288_0288.jpg 1 172 97 288 288
pencil/pencil_6/0411_0346_0224_0153_0153.jpg 1 346 224 153 153
pencil/pencil_6/0412_0131_0138_0102_0102.jpg 1 131 138 102 102
pencil/pencil_6/0413_0118_0022_0285_0285.jpg 1 118 22 285 285
pencil/pencil_6/0414_0098_0145_0101_0101.jpg 1 98 145 101 101
pencil/pencil_6/0415_0262_0306_0064_0064.jpg 1 262 306 64 64
pencil/pencil_6/0416_0159_0209_0065_0065.jpg 1 159 209 65 65
pencil/pencil_6/0417_0262_0128_0106_0106.jpg 1 262 128 106 106
pencil/pencil_6/0418_0203_0139_0120_0120.jpg 1 203 139 120 120
pencil/pencil_6/0419_0222_0157_0195_0195.jpg 1 222 157 195 195
pencil/pencil_6/0420_0108_0275_0195_0195.jpg 1 108 275 195 195
pencil/pencil_6/0421_0202_0092_0287_0287.jpg 1 202 92 287 287
pencil/pencil_6/0422_0109_0111_0175_0175.jpg 1 109 111 175 175
pencil/pencil_6/0423_0117_0088_0287_0287.jpg 1 117 88 287 287
pencil/pencil_6/0424_0152_0229_0107_0107.jpg 1 152 229 107 107
pencil/pencil_6/0425_0274_0205_0107_0107.jpg 1 274 205 107 107
pencil/pencil_6/0426_0138_0145_0154_0154.jpg 1 138 145 154 154
pencil/pencil_6/0427_0314_0124_0197_0197.jpg 1 314 124 197 197
pencil/pencil_6/0428_0258_0225_0133_0133.jpg 1 258 225 133 133
pencil/pencil_6/0429_0079_0059_0229_0229.jpg 1 79 59 229 229
pencil/pencil_6/0430_0143_0138_0102_0102.jpg 1 143 138 102 102
pencil/pencil_6/0431_0383_0174_0100_0100.jpg 1 383 174 100 100
pencil/pencil_6/0432_0390_0090_0075_0075.jpg 1 390 90 75 75
pencil/pencil_6/0433_0071_0024_0268_0268.jpg 1 71 24 268 268
pencil/pencil_6/0434_0206_0074_0118_0118.jpg 1 206 74 118 118
pencil/pencil_6/0435_0066_0212_0114_0114.jpg 1 66 212 114 114
pencil/pencil_6/0436_0167_0224_0120_0120.jpg 1 167 224 120 120
pencil/pencil_6/0437_0071_0089_0281_0281.jpg 1 71 89 281 281
pencil/pencil_6/0438_0228_0047_0237_0237.jpg 1 228 47 237 237
pencil/pencil_6/0439_0342_0125_0089_0089.jpg 1 342 125 89 89
pencil/pencil_6/0440_0318_0145_0097_0097.jpg 1 318 145 97 97
pencil/pencil_6/0441_0107_0123_0072_0072.jpg 1 107 123 72 72
pencil/pencil_6/0442_0110_0145_0240_0240.jpg 1 110 145 240 240
pencil/pencil_6/0443_0247_0125_0080_0080.jpg 1 247 125 80 80
pencil/pencil_6/0444_0318_0172_0234_0234.jpg 1 318 172 234 234
pencil/pencil_6/0445_0072_0294_0080_0080.jpg 1 72 294 80 80
pencil/pencil_6/0446_0280_0275_0095_0095.jpg 1 280 275 95 95
pencil/pencil_6/0447_0084_0152_0069_0069.jpg 1 84 152 69 69
pencil/pencil_6/0448_0210_0105_0246_0246.jpg 1 210 105 246 246
pencil/pencil_6/0449_0128_0131_0284_0284.jpg 1 128 131 284 284
pencil/pencil_6/0450_0163_0044_0201_0201.jpg 1 163 44 201 201
pencil/pencil_6/0451_0224_0204_0148_0148.jpg 1 224 204 148 148
pencil/pencil_6/0452_0372_0218_0146_0146.jpg 1 372 218 146 146
pencil/pencil_6/0453_0080_0104_0169_0169.jpg 1 80 104 169 169
pencil/pencil_6/0454_0162_0088_0151_0151.jpg 1 162 88 151 151
pencil/pencil_6/0455_0045_0148_0227_0227.jpg 1 45 148 227 227
pencil/pencil_6/0456_0307_0118_0191_0191.jpg 1 307 118 191 191
pencil/pencil_6/0457_0043_0056_0286_0286.jpg 1 43 56 286 286
pencil/pencil_6/0458_0261_0023_0245_0245.jpg 1 261 23 245 245
pencil/pencil_6/0459_0128_0044_0178_0178.jpg 1 128 44 178 178
pencil/pencil_6/0460_0231_0151_0191_0191.jpg 1 231 151 191 191
pencil/pencil_6/0461_0258_0224_0057_0057.jpg 1 258 224 57 57
pencil/pencil_6/0462_0055_0351_0064_0064.jpg 1 55 351 64 64
pencil/pencil_6/0463_0099_0267_0273_0273.jpg 1 99 267 273 273
pencil/pencil_6/0464_0235_0027_0259_0259.jpg 1 235 27 259 259
pencil/pencil_6/0465_0118_0146_0247_0247.jpg 1 118 146 247 247
pencil/pencil_6/0466_0070_0078_0283_0283.jpg 1 70 78 283 283
pencil/pencil_6/0467_0109_0112_0203_0203.jpg 1 109 112 203 203
pencil/pencil_6/0468_0288_0139_0117_0117.jpg 1 288 139 117 117
pencil/pencil_6/0469_0287_0055_0131_0131.jpg 1 287 55 131 131
pencil/pencil_6/0470_0151_0319_0219_0219.jpg 1 151 319 219 219
pencil/pencil_6/0471_0241_0106_0244_0244.jpg 1 241 106 244 244
pencil/pencil_6/0472_0384_0266_0088_0088.jpg 1 384 266 88 88
pencil/pencil_6/0473_0210_0067_0187_0187.jpg 1 210 67 187 187
pencil/pencil_6/0474_0323_0145_0137_0137.jpg 1 323 145 137 137
pencil/pencil_6/0475_0129_0167_0163_0163.jpg 1 129 167 163 163
pencil/pencil_6/0476_0225_0117_0284_0284.jpg 1 225 117 284 284
pencil/pencil_6/0477_0050_0213_0112_0112.jpg 1 50 213 112 112
pencil/pencil_6/0478_0315_0217_0071_0071.jpg 1 315 217 71 71
pencil/pencil_6/0479_0038_0166_0215_0215.jpg 1 38 166 215 215
pencil/pencil_6/0480_0146_0042_0283_0283.jpg 1 146 42 283 283
pencil/pencil_6/0481_0282_0121_0099_0099.jpg 1 282 121 99 99
pencil/pencil_6/0482_0371_0111_0107_0107.jpg 1 371 111 107 107
pencil/pencil_6/0483_0089_0052_0070_0070.jpg 1 89 52 70 70
pencil/pencil_6/0484_0309_0148_0108_0108.jpg 1 309 148 108 108
pencil/pencil_6/0485_0308_0134_0054_0054.jpg 1 308 134 54 54
pencil/pencil_6/0486_0262_0162_0152_0152.jpg 1 262 162 152 152
pencil/pencil_6/0487_0128_0263_0121_0121.jpg 1 128 263 121 121
pencil/pencil_6/0488_0303_0091_0071_0071.jpg 1 303 91 71 71
pencil/pencil_6/0489_0101_0098_0177_0177.jpg 1 101 98 177 177
pencil/pencil_6/0490_0245_0084_0099_0099.jpg 1 245 84 99 99
pencil/pencil_6/0491_0075_0178_0146_0146.jpg 1 75 178 146 146
pencil/pencil_6/0492_0070_0289_0056_0056.jpg 1 70 289 56 56
pencil/pencil_6/0493_0264_0289_0095_0095.jpg 1 264 289 95 95
pencil/pencil_6/0494_0067_0051_0241_0241.jpg 1 67 51 241 241
pencil/pencil_6/0495_0402_0180_0130_0130.jpg 1 402 180 130 130
pencil/pencil_6/0496_0302_0043_0227_0227.jpg 1 302 43 227 227
pencil/pencil_6/0497_0057_0231_0189_0189.jpg 1 57 231 189 189
pencil/pencil_6/0498_0201_0225_0218_0218.jpg 1 201 225 218 218
pencil/pencil_6/0499_0370_0199_0083_0083.jpg 1 370 199 83 83
pencil/pencil_6/0500_0298_0118_0170_0170.jpg 1 298 118 170 170
pencil/pencil_6/0501_0218_0165_0055_0055.jpg 1 218 165 55 55
pencil/pencil_6/0502_0148_0213_0139_0139.jpg 1 148 213 139 139
pencil/pencil_6/0503_0185_0139_0162_0162.jpg 1 185 139 162 162
pencil/pencil_6/0504_0396_0202_0138_0138.jpg 1 396 202 138 138
pencil/pencil_6/0505_0069_0060_0091_0091.jpg 1 69 60 91 91
pencil/pencil_6/0506_0092_0234_0058_0058.jpg 1 92 234 58 58
pencil/pencil_6/0507_0249_0153_0228_0228.jpg 1 249 153 228 228
pencil/pencil_6/0508_0162_0060_0230_0230.jpg 1 162 60 230 230
pencil/pencil_6/0509_0201_0137_0081_0081.jpg 1 201 137 81 81
pencil/pencil_6/0510_0269_0108_0193_0193.jpg 1 269 108 193 193
pencil/pencil_6/0511_0057_0108_0126_0126.jpg 1 57 108 126 126
pencil/pencil_6/0512_0357_0259_0119_0119.jpg 1 357 259 119 119
pencil/pencil_6/0513_0378_0113_0122_0122.jpg 1 378 113 122 122
pencil/pencil_6/0514_0260_0051_0205_0205.jpg 1 260 51 205 205
pencil/pencil_6/0515_0185_0138_0073_0073.jpg 1 185 138 73 73
pencil/pencil_6/0516_0119_0054_0270_0270.jpg 1 119 54 270 270
pencil/pencil_6/0517_0145_0133_0153_0153.jpg 1 145 133 153 153
pencil/pencil_6/0518_0111_0102_0237_0237.jpg 1 111 102 237 237
pencil/pencil_6/0519_0070_0105_0242_0242.jpg 1 70 105 242 242
pencil/pencil_6/0520_0174_0148_0115_0115.jpg 1 174 148 115 115
pencil/pencil_6/0521_0110_0098_0197_0197.jpg 1 110 98 197 197
pencil/pencil_6/0522_0238_0076_0274_0274.jpg 1 238 76 274 274
pencil/pencil_6/0523_0217_0245_0157_0157.jpg 1 217 245 157 157
pencil/pencil_6/0524_0267_0063_0200_0200.jpg 1 267 63 200 200
pencil/pencil_6/0525_0045_0149_0251_0251.jpg 1 45 149 251 251
pencil/pencil_6/0526_0413_0183_0116_0116.jpg 1 413 183 116 116
pencil/pencil_6/0527_0276_0074_0290_0290.jpg 1 276 74 290 290
pencil/pencil_6/0528_0301_0116_0219_0219.jpg 1 301 116 219 219
pencil/pencil_6/0529_0279_0230_0127_0127.jpg 1 279 230 127 127
pencil/pencil_6/0530_0081_0099_0204_0204.jpg 1 81 99 204 204
pencil/pencil_6/0531_0341_0240_0065_0065.jpg 1 341 240 65 65
pencil/pencil_6/0532_0031_0299_0222_0222.jpg 1 31 299 222 222
pencil/pencil_6/0533_0043_0161_0187_0187.jpg 1 43 161 187 187
pencil/pencil_6/0534_0374_0038_0106_0106.jpg 1 374 38 106 106
pencil/pencil_6/0535_0065_0117_0188_0188.jpg 1 65 117 188 188
pencil/pencil_6/0536_0208_0144_0238_0238.jpg 1 208 144 238 238
pencil/pencil_6/0537_0090_0051_0254_0254.jpg 1 90 51 254 254
pencil/pencil_6/0538_0317_0142_0215_0215.jpg 1 317 142 215 215
pencil/pencil_6/0539_0145_0227_0189_0189.jpg 1 145 227 189 189
pencil/pencil_6/0540_0320_0046_0237_0237.jpg 1 320 46 237 237
pencil/pencil_6/0541_0253_0058_0286_0286.jpg 1 253 58 286 286
pencil/pencil_6/0542_0232_0247_0065_0065.jpg 1 232 247 65 65
pencil/pencil_6/0543_0377_0074_0127_0127.jpg 1 377 74 127 127
pencil/pencil_6/0544_0148_0157_0208_0208.jpg 1 148 157 208 208
pencil/pencil_6/0545_0254_0038_0297_0297.jpg 1 254 38 297 297
pencil/pencil_6/0546_0172_0043_0247_0247.jpg 1 172 43 247 247
pencil/pencil_6/0547_0367_0060_0171_0171.jpg 1 367 60 171 171
pencil/pencil_6/0548_0083_0177_0171_0171.jpg 1 83 177 171 171
pencil/pencil_6/0549_0092_0073_0273_0273.jpg 1 92 73 273 273
pencil/pencil_6/0550_0155_0250_0190_0190.jpg 1 155 250 190 190
pencil/pencil_6/0551_0114_0199_0214_0214.jpg 1 114 199 214 214
pencil/pencil_6/0552_0212_0070_0137_0137.jpg 1 212 70 137 137
pencil/pencil_6/0553_0385_0174_0051_0051.jpg 1 385 174 51 51
pencil/pencil_6/0554_0154_0251_0233_0233.jpg 1 154 251 233 233
pencil/pencil_6/0555_0125_0230_0182_0182.jpg 1 125 230 182 182
pencil/pencil_6/0556_0233_0164_0111_0111.jpg 1 233 164 111 111
pencil/pencil_6/0557_0206_0139_0207_0207.jpg 1 206 139 207 207
pencil/pencil_6/0558_0196_0073_0226_0226.jpg 1 196 73 226 226
pencil/pencil_6/0559_0283_0108_0088_0088.jpg 1 283 108 88 88
pencil/pencil_6/0560_0166_0150_0183_0183.jpg 1 166 150 183 183
pencil/pencil_6/0561_0216_0094_0118_0118.jpg 1 216 94 118 118
pencil/pencil_6/0562_0084_0130_0111_0111.jpg 1 84 130 111 111
pencil/pencil_6/0563_0043_0038_0264_0264.jpg 1 43 38 264 264
pencil/pencil_6/0564_0366_0076_0076_0076.jpg 1 366 76 76 76
pencil/pencil_6/0565_0392_0206_0086_0086.jpg 1 392 206 86 86
pencil/pencil_6/0566_0193_0045_0263_0263.jpg 1 193 45 263 263
pencil/pencil_6/0567_0274_0086_0253_0253.jpg 1 274 86 253 253
pencil/pencil_6/0568_0254_0289_0053_0053.jpg 1 254 289 53 53
pencil/pencil_6/0569_0111_0104_0253_0253.jpg 1 111 104 253 253
pencil/pencil_6/0570_0173_0087_0203_0203.jpg 1 173 87 203 203
pencil/pencil_6/0571_0140_0071_0205_0205.jpg 1 140 71 205 205
pencil/pencil_6/0572_0334_0038_0207_0207.jpg 1 334 38 207 207
pencil/pencil_6/0573_0167_0040_0173_0173.jpg 1 167 40 173 173
pencil/pencil_6/0574_0230_0256_0190_0190.jpg 1 230 256 190 190
pencil/pencil_6/0575_0131_0215_0073_0073.jpg 1 131 215 73 73
pencil/pencil_6/0576_0164_0155_0202_0202.jpg 1 164 155 202 202
pencil/pencil_6/0577_0155_0107_0134_0134.jpg 1 155 107 134 134
pencil/pencil_6/0578_0173_0145_0148_0148.jpg 1 173 145 148 148
pencil/pencil_6/0579_0090_0089_0231_0231.jpg 1 90 89 231 231
pencil/pencil_6/0580_0326_0219_0132_0132.jpg 1 326 219 132 132
pencil/pencil_6/0581_0216_0186_0235_0235.jpg 1 216 186 235 235
pencil/pencil_6/0582_0216_0145_0159_0159.jpg 1 216 145 159 159
pencil/pencil_6/0583_0156_0206_0232_0232.jpg 1 156 206 232 232
pencil/pencil_6/0584_0296_0170_0217_0217.jpg 1 296 170 217 217
pencil/pencil_6/0585_0078_0248_0284_0284.jpg 1 78 248 284 284
pencil/pencil_6/0586_0149_0233_0239_0239.jpg 1 149 233 239 239
pencil/pencil_6/0587_0301_0066_0168_0168.jpg 1 301 66 168 168
pencil/pencil_6/0588_0158_0085_0088_0088.jpg 1 158 85 88 88
pencil/pencil_6/0589_0178_0259_0218_0218.jpg 1 178 259 218 218
pencil/pencil_6/0590_0140_0128_0081_0081.jpg 1 140 128 81 81
pencil/pencil_6/0591_0194_0089_0297_0297.jpg 1 194 89 297 297
pencil/pencil_6/0592_0057_0163_0269_0269.jpg 1 57 163 269 269
pencil/pencil_6/0593_0075_0023_0256_0256.jpg 1 75 23 256 256
pencil/pencil_6/0594_0068_0190_0178_0178.jpg 1 68 190 178 178
pencil/pencil_6/0595_0168_0083_0233_0233.jpg 1 168 83 233 233
pencil/pencil_6/0596_0268_0058_0169_0169.jpg 1 268 58 169 169
pencil/pencil_6/0597_0243_0223_0065_0065.jpg 1 243 223 65 65
pencil/pencil_6/0598_0082_0129_0297_0297.jpg 1 82 129 297 297
pencil/pencil_6/0599_0160_0134_0212_0212.jpg 1 160 134 212 212
pencil/pencil_6/0600_0345_0170_0082_0082.jpg 1 345 170 82 82
pencil/pencil_6/0601_0336_0043_0063_0063.jpg 1 336 43 63 63
pencil/pencil_6/0602_0252_0123_0271_0271.jpg 1 252 123 271 271
pencil/pencil_6/0603_0314_0160_0203_0203.jpg 1 314 160 203 203
pencil/pencil_6/0604_0295_0126_0240_0240.jpg 1 295 126 240 240
pencil/pencil_6/0605_0116_0051_0131_0131.jpg 1 116 51 131 131
pencil/pencil_6/0606_0133_0042_0180_0180.jpg 1 133 42 180 180
pencil/pencil_6/0607_0082_0259_0130_0130.jpg 1 82 259 130 130
pencil/pencil_6/0608_0158_0081_0286_0286.jpg 1 158 81 286 286
pencil/pencil_6/0609_0345_0229_0148_0148.jpg 1 345 229 148 148
pencil/pencil_6/0610_0271_0032_0296_0296.jpg 1 271 32 296 296
pencil/pencil_6/0611_0080_0225_0069_0069.jpg 1 80 225 69 69
pencil/pencil_6/0612_0179_0127_0269_0269.jpg 1 179 127 269 269
pencil/pencil_6/0613_0100_0321_0061_0061.jpg 1 100 321 61 61
pencil/pencil_6/0614_0119_0324_0176_0176.jpg 1 119 324 176 176
pencil/pencil_6/0615_0381_0081_0081_0081.jpg 1 381 81 81 81
pencil/pencil_6/0616_0259_0072_0145_0145.jpg 1 259 72 145 145
pencil/pencil_6/0617_0264_0126_0283_0283.jpg 1 264 126 283 283
pencil/pencil_6/0618_0221_0068_0116_0116.jpg 1 221 68 116 116
pencil/pencil_6/0619_0269_0074_0089_0089.jpg 1 269 74 89 89
pencil/pencil_6/0620_0353_0111_0164_0164.jpg 1 353 111 164 164
pencil/pencil_6/0621_0115_0124_0160_0160.jpg 1 115 124 160 160
pencil/pencil_6/0622_0096_0045_0240_0240.jpg 1 96 45 240 240
pencil/pencil_6/0623_0109_0246_0080_0080.jpg 1 109 246 80 80
pencil/pencil_6/0624_0119_0069_0260_0260.jpg 1 119 69 260 260
pencil/pencil_6/0625_0177_0119_0117_0117.jpg 1 177 119 117 117
pencil/pencil_6/0626_0074_0124_0081_0081.jpg 1 74 124 81 81
pencil/pencil_6/0627_0187_0105_0297_0297.jpg 1 187 105 297 297
pencil/pencil_6/0628_0252_0285_0066_0066.jpg 1 252 285 66 66
pencil/pencil_6/0629_0206_0087_0281_0281.jpg 1 206 87 281 281
pencil/pencil_6/0630_0121_0154_0205_0205.jpg 1 121 154 205 205
pencil/pencil_6/0631_0266_0289_0052_0052.jpg 1 266 289 52 52
pencil/pencil_6/0632_0337_0065_0163_0163.jpg 1 337 65 163 163
pencil/pencil_6/0633_0272_0105_0164_0164.jpg 1 272 105 164 164
pencil/pencil_6/0634_0065_0159_0167_0167.jpg 1 65 159 167 167
pencil/pencil_6/0635_0253_0228_0125_0125.jpg 1 253 228 125 125
pencil/pencil_6/0636_0210_0362_0161_0161.jpg 1 210 362 161 161
pencil/pencil_6/0637_0059_0072_0184_0184.jpg 1 59 72 184 184
pencil/pencil_6/0638_0182_0122_0200_0200.jpg 1 182 122 200 200
pencil/pencil_6/0639_0275_0046_0217_0217.jpg 1 275 46 217 217
pencil/pencil_6/0640_0183_0105_0267_0267.jpg 1 183 105 267 267
pencil/pencil_6/0641_0335_0279_0059_0059.jpg 1 335 279 59 59
pencil/pencil_6/0642_0152_0271_0070_0070.jpg 1 152 271 70 70
pencil/pencil_6/0643_0181_0045_0163_0163.jpg 1 181 45 163 163
pencil/pencil_6/0644_0099_0202_0108_0108.jpg 1 99 202 108 108
pencil/pencil_6/0645_0062_0398_0061_0061.jpg 1 62 398 61 61
pencil/pencil_6/0646_0420_0083_0093_0093.jpg 1 420 83 93 93
pencil/pencil_6/0647_0310_0109_0202_0202.jpg 1 310 109 202 202
pencil/pencil_6/0648_0070_0028_0214_0214.jpg 1 70 28 214 214
pencil/pencil_6/0649_0272_0031_0291_0291.jpg 1 272 31 291 291
pencil/pencil_6/0650_0195_0218_0177_0177.jpg 1 195 218 177 177
pencil/pencil_6/0651_0134_0104_0263_0263.jpg 1 134 104 263 263
pencil/pencil_6/0652_0080_0158_0174_0174.jpg 1 80 158 174 174
pencil/pencil_6/0653_0234_0110_0138_0138.jpg 1 234 110 138 138
pencil/pencil_6/0654_0078_0031_0196_0196.jpg 1 78 31 196 196
pencil/pencil_6/0655_0160_0334_0053_0053.jpg 1 160 334 53 53
pencil/pencil_6/0656_0082_0115_0220_0220.jpg 1 82 115 220 220
pencil/pencil_6/0657_0109_0302_0049_0049.jpg 1 109 302 49 49
pencil/pencil_6/0658_0323_0155_0212_0212.jpg 1 323 155 212 212
pencil/pencil_6/0659_0283_0175_0121_0121.jpg 1 283 175 121 121
pencil/pencil_6/0660_0289_0267_0106_0106.jpg 1 289 267 106 106
pencil/pencil_6/0661_0383_0093_0111_0111.jpg 1 383 93 111 111
pencil/pencil_6/0662_0098_0126_0249_0249.jpg 1 98 126 249 249
pencil/pencil_6/0663_0121_0130_0182_0182.jpg 1 121 130 182 182
pencil/pencil_6/0664_0091_0038_0110_0110.jpg 1 91 38 110 110
pencil/pencil_6/0665_0198_0169_0055_0055.jpg 1 198 169 55 55
pencil/pencil_6/0666_0318_0153_0193_0193.jpg 1 318 153 193 193
pencil/pencil_6/0667_0122_0124_0151_0151.jpg 1 122 124 151 151
pencil/pencil_6/0668_0164_0089_0287_0287.jpg 1 164 89 287 287
pencil/pencil_6/0669_0357_0200_0172_0172.jpg 1 357 200 172 172
pencil/pencil_6/0670_0159_0269_0190_0190.jpg 1 159 269 190 190
pencil/pencil_6/0671_0053_0042_0203_0203.jpg 1 53 42 203 203
pencil/pencil_6/0672_0086_0156_0206_0206.jpg 1 86 156 206 206
pencil/pencil_6/0673_0130_0243_0114_0114.jpg 1 130 243 114 114
pencil/pencil_6/0674_0056_0061_0118_0118.jpg 1 56 61 118 118
pencil/pencil_6/0675_0108_0130_0281_0281.jpg 1 108 130 281 281
pencil/pencil_6/0676_0412_0224_0079_0079.jpg 1 412 224 79 79
pencil/pencil_6/0677_0467_0211_0051_0051.jpg 1 467 211 51 51
pencil/pencil_6/0678_0041_0162_0259_0259.jpg 1 41 162 259 259
pencil/pencil_6/0679_0093_0108_0237_0237.jpg 1 93 108 237 237
pencil/pencil_6/0680_0297_0219_0205_0205.jpg 1 297 219 205 205
pencil/pencil_6/0681_0048_0034_0266_0266.jpg 1 48 34 266 266
pencil/pencil_6/0682_0081_0059_0247_0247.jpg 1 81 59 247 247
pencil/pencil_6/0683_0341_0199_0185_0185.jpg 1 341 199 185 185
pencil/pencil_6/0684_0061_0053_0244_0244.jpg 1 61 53 244 244
pencil/pencil_6/0685_0104_0028_0271_0271.jpg 1 104 28 271 271
pencil/pencil_6/0686_0075_0122_0286_0286.jpg 1 75 122 286 286
pencil/pencil_6/0687_0184_0106_0251_0251.jpg 1 184 106 251 251
pencil/pencil_6/0688_0117_0047_0234_0234.jpg 1 117 47 234 234
pencil/pencil_6/0689_0293_0143_0271_0271.jpg 1 293 143 271 271
pencil/pencil_6/0690_0255_0048_0263_0263.jpg 1 255 48 263 263
pencil/pencil_6/0691_0139_0166_0270_0270.jpg 1 139 166 270 270
pencil/pencil_6/0692_0251_0167_0054_0054.jpg 1 251 167 54 54
pencil/pencil_6/0693_0202_0116_0219_0219.jpg 1 202 116 219 219
pencil/pencil_6/0694_0301_0075_0089_0089.jpg 1 301 75 89 89
pencil/pencil_6/0695_0206_0115_0079_0079.jpg 1 206 115 79 79
pencil/pencil_6/0696_0077_0146_0129_0129.jpg 1 77 146 129 129
pencil/pencil_6/0697_0216_0157_0093_0093.jpg 1 216 157 93 93
pencil/pencil_6/0698_0431_0220_0079_0079.jpg 1 431 220 79 79
pencil/pencil_6/0699_0226_0026_0227_0227.jpg 1 226 26 227 227
pencil/pencil_6/0700_0315_0124_0244_0244.jpg 1 315 124 244 244
pencil/pencil_6/0701_0248_0031_0204_0204.jpg 1 248 31 204 204
pencil/pencil_6/0702_0217_0162_0239_0239.jpg 1 217 162 239 239
pencil/pencil_6/0703_0105_0065_0054_0054.jpg 1 105 65 54 54
pencil/pencil_6/0704_0340_0142_0090_0090.jpg 1 340 142 90 90
pencil/pencil_6/0705_0374_0229_0139_0139.jpg 1 374 229 139 139
pencil/pencil_6/0706_0252_0056_0131_0131.jpg 1 252 56 131 131
pencil/pencil_6/0707_0048_0075_0188_0188.jpg 1 48 75 188 188
pencil/pencil_6/0708_0287_0294_0081_0081.jpg 1 287 294 81 81
pencil/pencil_6/0709_0219_0198_0165_0165.jpg 1 219 198 165 165
pencil/pencil_6/0710_0165_0107_0250_0250.jpg 1 165 107 250 250
pencil/pencil_6/0711_0079_0087_0292_0292.jpg 1 79 87 292 292
pencil/pencil_6/0712_0245_0101_0274_0274.jpg 1 245 101 274 274
pencil/pencil_6/0713_0292_0121_0221_0221.jpg 1 292 121 221 221
pencil/pencil_6/0714_0401_0090_0057_0057.jpg 1 401 90 57 57
pencil/pencil_6/0715_0128_0102_0091_0091.jpg 1 128 102 91 91
pencil/pencil_6/0716_0139_0352_0181_0181.jpg 1 139 352 181 181
pencil/pencil_6/0717_0259_0064_0168_0168.jpg 1 259 64 168 168
pencil/pencil_6/0718_0239_0134_0254_0254.jpg 1 239 134 254 254
pencil/pencil_6/0719_0224_0129_0250_0250.jpg 1 224 129 250 250
pencil/pencil_6/0720_0274_0110_0171_0171.jpg 1 274 110 171 171
pencil/pencil_6/0721_0309_0090_0246_0246.jpg 1 309 90 246 246
pencil/pencil_6/0722_0094_0071_0178_0178.jpg 1 94 71 178 178
pencil/pencil_6/0723_0085_0088_0163_0163.jpg 1 85 88 163 163
pencil/pencil_6/0724_0076_0111_0221_0221.jpg 1 76 111 221 221
pencil/pencil_6/0725_0165_0224_0110_0110.jpg 1 165 224 110 110
pencil/pencil_6/0726_0273_0218_0189_0189.jpg 1 273 218 189 189
pencil/pencil_6/0727_0260_0194_0058_0058.jpg 1 260 194 58 58
pencil/pencil_6/0728_0222_0211_0171_0171.jpg 1 222 211 171 171
pencil/pencil_6/0729_0097_0220_0125_0125.jpg 1 97 220 125 125
pencil/pencil_6/0730_0126_0178_0117_0117.jpg 1 126 178 117 117
pencil/pencil_6/0731_0177_0061_0206_0206.jpg 1 177 61 206 206
pencil/pencil_6/0732_0119_0151_0269_0269.jpg 1 119 151 269 269
pencil/pencil_6/0733_0051_0189_0271_0271.jpg 1 51 189 271 271
pencil/pencil_6/0734_0180_0303_0226_0226.jpg 1 180 303 226 226
pencil/pencil_6/0735_0307_0047_0242_0242.jpg 1 307 47 242 242
pencil/pencil_6/0736_0073_0133_0153_0153.jpg 1 73 133 153 153
pencil/pencil_6/0737_0052_0156_0228_0228.jpg 1 52 156 228 228
pencil/pencil_6/0738_0335_0231_0156_0156.jpg 1 335 231 156 156
pencil/pencil_6/0739_0310_0129_0139_0139.jpg 1 310 129 139 139
pencil/pencil_6/0740_0156_0111_0267_0267.jpg 1 156 111 267 267
pencil/pencil_6/0741_0103_0214_0286_0286.jpg 1 103 214 286 286
pencil/pencil_6/0742_0079_0048_0286_0286.jpg 1 79 48 286 286
pencil/pencil_6/0743_0199_0153_0248_0248.jpg 1 199 153 248 248
pencil/pencil_6/0744_0154_0081_0204_0204.jpg 1 154 81 204 204
pencil/pencil_6/0745_0182_0092_0063_0063.jpg 1 182 92 63 63
pencil/pencil_6/0746_0266_0163_0189_0189.jpg 1 266 163 189 189
pencil/pencil_6/0747_0069_0219_0185_0185.jpg 1 69 219 185 185
pencil/pencil_6/0748_0099_0047_0198_0198.jpg 1 99 47 198 198
pencil/pencil_6/0749_0293_0164_0261_0261.jpg 1 293 164 261 261
pencil/pencil_6/0750_0076_0116_0291_0291.jpg 1 76 116 291 291
pencil/pencil_6/0751_0210_0206_0053_0053.jpg 1 210 206 53 53
pencil/pencil_6/0752_0202_0149_0272_0272.jpg 1 202 149 272 272
pencil/pencil_6/0753_0108_0146_0058_0058.jpg 1 108 146 58 58
pencil/pencil_6/0754_0172_0194_0159_0159.jpg 1 172 194 159 159
pencil/pencil_6/0755_0105_0146_0176_0176.jpg 1 105 146 176 176
pencil/pencil_6/0756_0276_0104_0165_0165.jpg 1 276 104 165 165
pencil/pencil_6/0757_0213_0148_0209_0209.jpg 1 213 148 209 209
pencil/pencil_6/0758_0266_0201_0222_0222.jpg 1 266 201 222 222
pencil/pencil_6/0759_0181_0116_0284_0284.jpg 1 181 116 284 284
pencil/pencil_6/0760_0093_0057_0236_0236.jpg 1 93 57 236 236
pencil/pencil_6/0761_0178_0386_0084_0084.jpg 1 178 386 84 84
pencil/pencil_6/0762_0242_0050_0053_0053.jpg 1 242 50 53 53
pencil/pencil_6/0763_0192_0136_0069_0069.jpg 1 192 136 69 69
pencil/pencil_6/0764_0269_0073_0158_0158.jpg 1 269 73 158 158
pencil/pencil_6/0765_0162_0134_0210_0210.jpg 1 162 134 210 210
pencil/pencil_6/0766_0134_0128_0117_0117.jpg 1 134 128 117 117
pencil/pencil_6/0767_0371_0325_0067_0067.jpg 1 371 325 67 67
pencil/pencil_6/0768_0128_0102_0197_0197.jpg 1 128 102 197 197
pencil/pencil_6/0769_0068_0023_0252_0252.jpg 1 68 23 252 252
pencil/pencil_6/0770_0260_0180_0161_0161.jpg 1 260 180 161 161
pencil/pencil_6/0771_0179_0042_0216_0216.jpg 1 179 42 216 216
pencil/pencil_6/0772_0466_0154_0056_0056.jpg 1 466 154 56 56
pencil/pencil_6/0773_0247_0257_0110_0110.jpg 1 247 257 110 110
pencil/pencil_6/0774_0258_0086_0269_0269.jpg 1 258 86 269 269
pencil/pencil_6/0775_0266_0162_0260_0260.jpg 1 266 162 260 260
pencil/pencil_6/0776_0068_0155_0131_0131.jpg 1 68 155 131 131
pencil/pencil_6/0777_0442_0160_0069_0069.jpg 1 442 160 69 69
pencil/pencil_6/0778_0056_0116_0165_0165.jpg 1 56 116 165 165
pencil/pencil_6/0779_0414_0218_0091_0091.jpg 1 414 218 91 91
pencil/pencil_6/0780_0087_0349_0154_0154.jpg 1 87 349 154 154
pencil/pencil_6/0781_0253_0151_0189_0189.jpg 1 253 151 189 189
pencil/pencil_6/0782_0129_0133_0189_0189.jpg 1 129 133 189 189
pencil/pencil_6/0783_0103_0153_0281_0281.jpg 1 103 153 281 281
pencil/pencil_6/0784_0107_0215_0207_0207.jpg 1 107 215 207 207
pencil/pencil_6/0785_0033_0259_0185_0185.jpg 1 33 259 185 185
pencil/pencil_6/0786_0354_0108_0179_0179.jpg 1 354 108 179 179
pencil/pencil_6/0787_0118_0216_0245_0245.jpg 1 118 216 245 245
pencil/pencil_6/0788_0269_0025_0223_0223.jpg 1 269 25 223 223
pencil/pencil_6/0789_0200_0129_0246_0246.jpg 1 200 129 246 246
pencil/pencil_6/0790_0039_0066_0244_0244.jpg 1 39 66 244 244
pencil/pencil_6/0791_0177_0041_0096_0096.jpg 1 177 41 96 96
pencil/pencil_6/0792_0254_0214_0125_0125.jpg 1 254 214 125 125
pencil/pencil_6/0793_0261_0129_0111_0111.jpg 1 261 129 111 111
pencil/pencil_6/0794_0347_0267_0100_0100.jpg 1 347 267 100 100
pencil/pencil_6/0795_0083_0255_0290_0290.jpg 1 83 255 290 290
pencil/pencil_6/0796_0391_0135_0078_0078.jpg 1 391 135 78 78
pencil/pencil_6/0797_0314_0041_0181_0181.jpg 1 314 41 181 181
pencil/pencil_6/0798_0123_0292_0086_0086.jpg 1 123 292 86 86
pencil/pencil_6/0799_0417_0194_0049_0049.jpg 1 417 194 49 49
pencil/pencil_6/0800_0270_0139_0245_0245.jpg 1 270 139 245 245
pencil/pencil_6/0801_0294_0275_0101_0101.jpg 1 294 275 101 101
pencil/pencil_6/0802_0138_0314_0222_0222.jpg 1 138 314 222 222
pencil/pencil_6/0803_0058_0042_0252_0252.jpg 1 58 42 252 252
pencil/pencil_6/0804_0046_0262_0170_0170.jpg 1 46 262 170 170
pencil/pencil_6/0805_0092_0077_0186_0186.jpg 1 92 77 186 186
pencil/pencil_6/0806_0143_0453_0056_0056.jpg 1 143 453 56 56
pencil/pencil_6/0807_0099_0171_0233_0233.jpg 1 99 171 233 233
pencil/pencil_6/0808_0086_0051_0247_0247.jpg 1 86 51 247 247
pencil/pencil_6/0809_0115_0130_0161_0161.jpg 1 115 130 161 161
pencil/pencil_6/0810_0280_0094_0289_0289.jpg 1 280 94 289 289
pencil/pencil_6/0811_0177_0208_0131_0131.jpg 1 177 208 131 131
pencil/pencil_6/0812_0326_0066_0082_0082.jpg 1 326 66 82 82
pencil/pencil_6/0813_0197_0091_0273_0273.jpg 1 197 91 273 273
pencil/pencil_6/0814_0086_0072_0258_0258.jpg 1 86 72 258 258
pencil/pencil_6/0815_0070_0137_0049_0049.jpg 1 70 137 49 49
pencil/pencil_6/0816_0053_0118_0286_0286.jpg 1 53 118 286 286
pencil/pencil_6/0817_0086_0149_0224_0224.jpg 1 86 149 224 224
pencil/pencil_6/0818_0198_0098_0169_0169.jpg 1 198 98 169 169
pencil/pencil_6/0819_0319_0144_0198_0198.jpg 1 319 144 198 198
pencil/pencil_6/0820_0121_0118_0194_0194.jpg 1 121 118 194 194
pencil/pencil_6/0821_0242_0111_0215_0215.jpg 1 242 111 215 215
pencil/pencil_6/0822_0066_0093_0245_0245.jpg 1 66 93 245 245
pencil/pencil_6/0823_0048_0032_0170_0170.jpg 1 48 32 170 170
pencil/pencil_6/0824_0072_0130_0248_0248.jpg 1 72 130 248 248
pencil/pencil_6/0825_0061_0145_0113_0113.jpg 1 61 145 113 113
pencil/pencil_6/0826_0301_0339_0049_0049.jpg 1 301 339 49 49
pencil/pencil_6/0827_0331_0091_0184_0184.jpg 1 331 91 184 184
pencil/pencil_6/0828_0105_0036_0188_0188.jpg 1 105 36 188 188
pencil/pencil_6/0829_0264_0121_0050_0050.jpg 1 264 121 50 50
pencil/pencil_6/0830_0081_0057_0179_0179.jpg 1 81 57 179 179
pencil/pencil_6/0831_0188_0078_0171_0171.jpg 1 188 78 171 171
pencil/pencil_6/0832_0093_0023_0278_0278.jpg 1 93 23 278 278
pencil/pencil_6/0833_0226_0143_0284_0284.jpg 1 226 143 284 284
pencil/pencil_6/0834_0132_0030_0249_0249.jpg 1 132 30 249 249
pencil/pencil_6/0835_0262_0115_0110_0110.jpg 1 262 115 110 110
pencil/pencil_6/0836_0333_0181_0204_0204.jpg 1 333 181 204 204
pencil/pencil_6/0837_0213_0042_0293_0293.jpg 1 213 42 293 293
pencil/pencil_6/0838_0164_0212_0122_0122.jpg 1 164 212 122 122
pencil/pencil_6/0839_0289_0060_0148_0148.jpg 1 289 60 148 148
pencil/pencil_6/0840_0292_0121_0268_0268.jpg 1 292 121 268 268
pencil/pencil_6/0841_0123_0092_0096_0096.jpg 1 123 92 96 96
pencil/pencil_6/0842_0147_0181_0069_0069.jpg 1 147 181 69 69
pencil/pencil_6/0843_0097_0027_0258_0258.jpg 1 97 27 258 258
pencil/pencil_6/0844_0297_0069_0202_0202.jpg 1 297 69 202 202
pencil/pencil_6/0845_0097_0138_0294_0294.jpg 1 97 138 294 294
pencil/pencil_6/0846_0298_0197_0139_0139.jpg 1 298 197 139 139
pencil/pencil_6/0847_0260_0132_0218_0218.jpg 1 260 132 218 218
pencil/pencil_6/0848_0264_0095_0289_0289.jpg 1 264 95 289 289
pencil/pencil_6/0849_0196_0223_0076_0076.jpg 1 196 223 76 76
pencil/pencil_6/0850_0065_0091_0279_0279.jpg 1 65 91 279 279
pencil/pencil_6/0851_0107_0134_0248_0248.jpg 1 107 134 248 248
pencil/pencil_6/0852_0058_0229_0286_0286.jpg 1 58 229 286 286
pencil/pencil_6/0853_0053_0079_0181_0181.jpg 1 53 79 181 181
pencil/pencil_6/0854_0060_0069_0061_0061.jpg 1 60 69 61 61
pencil/pencil_6/0855_0073_0086_0094_0094.jpg 1 73 86 94 94
pencil/pencil_6/0856_0083_0090_0288_0288.jpg 1 83 90 288 288
pencil/pencil_6/0857_0241_0143_0099_0099.jpg 1 241 143 99 99
pencil/pencil_6/0858_0043_0124_0095_0095.jpg 1 43 124 95 95
pencil/pencil_6/0859_0171_0088_0148_0148.jpg 1 171 88 148 148
pencil/pencil_6/0860_0036_0135_0183_0183.jpg 1 36 135 183 183
pencil/pencil_6/0861_0083_0062_0296_0296.jpg 1 83 62 296 296
pencil/pencil_6/0862_0332_0194_0156_0156.jpg 1 332 194 156 156
pencil/pencil_6/0863_0268_0111_0275_0275.jpg 1 268 111 275 275
pencil/pencil_6/0864_0295_0108_0236_0236.jpg 1 295 108 236 236
pencil/pencil_6/0865_0201_0106_0125_0125.jpg 1 201 106 125 125
pencil/pencil_6/0866_0093_0097_0216_0216.jpg 1 93 97 216 216
pencil/pencil_6/0867_0052_0108_0136_0136.jpg 1 52 108 136 136
pencil/pencil_6/0868_0037_0065_0272_0272.jpg 1 37 65 272 272
pencil/pencil_6/0869_0190_0105_0178_0178.jpg 1 190 105 178 178
pencil/pencil_6/0870_0281_0283_0065_0065.jpg 1 281 283 65 65
pencil/pencil_6/0871_0191_0175_0085_0085.jpg 1 191 175 85 85
pencil/pencil_6/0872_0236_0312_0056_0056.jpg 1 236 312 56 56
pencil/pencil_6/0873_0391_0235_0048_0048.jpg 1 391 235 48 48
pencil/pencil_6/0874_0192_0209_0176_0176.jpg 1 192 209 176 176
pencil/pencil_6/0875_0155_0091_0141_0141.jpg 1 155 91 141 141
pencil/pencil_6/0876_0241_0137_0174_0174.jpg 1 241 137 174 174
pencil/pencil_6/0877_0121_0181_0238_0238.jpg 1 121 181 238 238
pencil/pencil_6/0878_0037_0077_0268_0268.jpg 1 37 77 268 268
pencil/pencil_6/0879_0138_0169_0267_0267.jpg 1 138 169 267 267
pencil/pencil_6/0880_0158_0232_0080_0080.jpg 1 158 232 80 80
pencil/pencil_6/0881_0055_0019_0291_0291.jpg 1 55 19 291 291
pencil/pencil_6/0882_0334_0171_0190_0190.jpg 1 334 171 190 190
pencil/pencil_6/0883_0110_0239_0158_0158.jpg 1 110 239 158 158
pencil/pencil_6/0884_0115_0145_0209_0209.jpg 1 115 145 209 209
pencil/pencil_6/0885_0340_0197_0161_0161.jpg 1 340 197 161 161
pencil/pencil_6/0886_0233_0240_0167_0167.jpg 1 233 240 167 167
pencil/pencil_6/0887_0089_0319_0069_0069.jpg 1 89 319 69 69
pencil/pencil_6/0888_0287_0040_0212_0212.jpg 1 287 40 212 212
pencil/pencil_6/0889_0292_0092_0175_0175.jpg 1 292 92 175 175
pencil/pencil_6/0890_0359_0040_0163_0163.jpg 1 359 40 163 163
pencil/pencil_6/0891_0165_0286_0120_0120.jpg 1 165 286 120 120
pencil/pencil_6/0892_0342_0095_0170_0170.jpg 1 342 95 170 170
pencil/pencil_6/0893_0139_0284_0059_0059.jpg 1 139 284 59 59
pencil/pencil_6/0894_0130_0096_0211_0211.jpg 1 130 96 211 211
pencil/pencil_6/0895_0411_0266_0066_0066.jpg 1 411 266 66 66
pencil/pencil_6/0896_0132_0129_0206_0206.jpg 1 132 129 206 206
pencil/pencil_6/0897_0119_0073_0197_0197.jpg 1 119 73 197 197
pencil/pencil_6/0898_0107_0154_0226_0226.jpg 1 107 154 226 226
pencil/pencil_6/0899_0209_0082_0203_0203.jpg 1 209 82 203 203
pencil/pencil_6/0900_0081_0077_0294_0294.jpg 1 81 77 294 294
pencil/pencil_6/0901_0064_0122_0256_0256.jpg 1 64 122 256 256
pencil/pencil_6/0902_0123_0090_0263_0263.jpg 1 123 90 263 263
pencil/pencil_6/0903_0071_0060_0172_0172.jpg 1 71 60 172 172
pencil/pencil_6/0904_0085_0190_0081_0081.jpg 1 85 190 81 81
pencil/pencil_6/0905_0202_0232_0091_0091.jpg 1 202 232 91 91
pencil/pencil_6/0906_0237_0143_0253_0253.jpg 1 237 143 253 253
pencil/pencil_6/0907_0108_0165_0133_0133.jpg 1 108 165 133 133
pencil/pencil_6/0908_0133_0423_0063_0063.jpg 1 133 423 63 63
pencil/pencil_6/0909_0203_0121_0156_0156.jpg 1 203 121 156 156
pencil/pencil_6/0910_0101_0047_0153_0153.jpg 1 101 47 153 153
pencil/pencil_6/0911_0290_0070_0079_0079.jpg 1 290 70 79 79
pencil/pencil_6/0912_0201_0184_0089_0089.jpg 1 201 184 89 89
pencil/pencil_6/0913_0211_0161_0267_0267.jpg 1 211 161 267 267
pencil/pencil_6/0914_0198_0093_0118_0118.jpg 1 198 93 118 118
pencil/pencil_6/0915_0071_0219_0164_0164.jpg 1 71 219 164 164
pencil/pencil_6/0916_0202_0098_0151_0151.jpg 1 202 98 151 151
pencil/pencil_6/0917_0213_0290_0053_0053.jpg 1 213 290 53 53
pencil/pencil_6/0918_0128_0221_0130_0130.jpg 1 128 221 130 130
pencil/pencil_6/0919_0200_0072_0093_0093.jpg 1 200 72 93 93
pencil/pencil_6/0920_0038_0080_0286_0286.jpg 1 38 80 286 286
pencil/pencil_6/0921_0342_0125_0177_0177.jpg 1 342 125 177 177
pencil/pencil_6/0922_0306_0053_0179_0179.jpg 1 306 53 179 179
pencil/pencil_6/0923_0147_0261_0245_0245.jpg 1 147 261 245 245
pencil/pencil_6/0924_0110_0193_0207_0207.jpg 1 110 193 207 207
pencil/pencil_6/0925_0387_0107_0114_0114.jpg 1 387 107 114 114
pencil/pencil_6/0926_0219_0049_0163_0163.jpg 1 219 49 163 163
pencil/pencil_6/0927_0293_0200_0211_0211.jpg 1 293 200 211 211
pencil/pencil_6/0928_0118_0163_0101_0101.jpg 1 118 163 101 101
pencil/pencil_6/0929_0095_0173_0253_0253.jpg 1 95 173 253 253
pencil/pencil_6/0930_0143_0165_0204_0204.jpg 1 143 165 204 204
pencil/pencil_6/0931_0235_0112_0127_0127.jpg 1 235 112 127 127
pencil/pencil_6/0932_0291_0313_0086_0086.jpg 1 291 313 86 86
pencil/pencil_6/0933_0124_0186_0086_0086.jpg 1 124 186 86 86
pencil/pencil_6/0934_0320_0079_0081_0081.jpg 1 320 79 81 81
pencil/pencil_6/0935_0065_0159_0109_0109.jpg 1 65 159 109 109
pencil/pencil_6/0936_0099_0246_0098_0098.jpg 1 99 246 98 98
pencil/pencil_6/0937_0133_0034_0265_0265.jpg 1 133 34 265 265
pencil/pencil_6/0938_0373_0220_0083_0083.jpg 1 373 220 83 83
pencil/pencil_6/0939_0445_0180_0066_0066.jpg 1 445 180 66 66
pencil/pencil_6/0940_0053_0411_0092_0092.jpg 1 53 411 92 92
pencil/pencil_6/0941_0202_0039_0116_0116.jpg 1 202 39 116 116
pencil/pencil_6/0942_0285_0047_0232_0232.jpg 1 285 47 232 232
pencil/pencil_6/0943_0317_0038_0167_0167.jpg 1 317 38 167 167
pencil/pencil_6/0944_0196_0144_0295_0295.jpg 1 196 144 295 295
pencil/pencil_6/0945_0129_0233_0178_0178.jpg 1 129 233 178 178
pencil/pencil_6/0946_0219_0238_0140_0140.jpg 1 219 238 140 140
pencil/pencil_6/0947_0203_0226_0084_0084.jpg 1 203 226 84 84
pencil/pencil_6/0948_0409_0187_0097_0097.jpg 1 409 187 97 97
pencil/pencil_6/0949_0168_0072_0210_0210.jpg 1 168 72 210 210
pencil/pencil_6/0950_0148_0058_0180_0180.jpg 1 148 58 180 180
pencil/pencil_6/0951_0145_0123_0296_0296.jpg 1 145 123 296 296
pencil/pencil_6/0952_0104_0021_0282_0282.jpg 1 104 21 282 282
pencil/pencil_6/0953_0422_0036_0100_0100.jpg 1 422 36 100 100
pencil/pencil_6/0954_0110_0122_0150_0150.jpg 1 110 122 150 150
pencil/pencil_6/0955_0147_0196_0108_0108.jpg 1 147 196 108 108
pencil/pencil_6/0956_0197_0040_0235_0235.jpg 1 197 40 235 235
pencil/pencil_6/0957_0393_0191_0146_0146.jpg 1 393 191 146 146
pencil/pencil_6/0958_0167_0086_0154_0154.jpg 1 167 86 154 154
pencil/pencil_6/0959_0225_0039_0274_0274.jpg 1 225 39 274 274
pencil/pencil_6/0960_0264_0144_0297_0297.jpg 1 264 144 297 297
pencil/pencil_6/0961_0057_0186_0121_0121.jpg 1 57 186 121 121
pencil/pencil_6/0962_0379_0263_0063_0063.jpg 1 379 263 63 63
pencil/pencil_6/0963_0052_0116_0224_0224.jpg 1 52 116 224 224
pencil/pencil_6/0964_0264_0076_0176_0176.jpg 1 264 76 176 176
pencil/pencil_6/0965_0160_0168_0140_0140.jpg 1 160 168 140 140
pencil/pencil_6/0966_0076_0210_0051_0051.jpg 1 76 210 51 51
pencil/pencil_6/0967_0225_0119_0201_0201.jpg 1 225 119 201 201
pencil/pencil_6/0968_0429_0101_0052_0052.jpg 1 429 101 52 52
pencil/pencil_6/0969_0228_0108_0256_0256.jpg 1 228 108 256 256
pencil/pencil_6/0970_0250_0263_0082_0082.jpg 1 250 263 82 82
pencil/pencil_6/0971_0098_0028_0227_0227.jpg 1 98 28 227 227
pencil/pencil_6/0972_0112_0055_0206_0206.jpg 1 112 55 206 206
pencil/pencil_6/0973_0247_0259_0078_0078.jpg 1 247 259 78 78
pencil/pencil_6/0974_0245_0022_0254_0254.jpg 1 245 22 254 254
pencil/pencil_6/0975_0410_0069_0078_0078.jpg 1 410 69 78 78
pencil/pencil_6/0976_0321_0234_0175_0175.jpg 1 321 234 175 175
pencil/pencil_6/0977_0173_0042_0182_0182.jpg 1 173 42 182 182
pencil/pencil_6/0978_0401_0045_0132_0132.jpg 1 401 45 132 132
pencil/pencil_6/0979_0220_0290_0069_0069.jpg 1 220 290 69 69
pencil/pencil_6/0980_0230_0144_0266_0266.jpg 1 230 144 266 266
pencil/pencil_6/0981_0147_0042_0256_0256.jpg 1 147 42 256 256
pencil/pencil_6/0982_0245_0170_0175_0175.jpg 1 245 170 175 175
pencil/pencil_6/0983_0329_0174_0203_0203.jpg 1 329 174 203 203
pencil/pencil_6/0984_0381_0051_0123_0123.jpg 1 381 51 123 123
pencil/pencil_6/0985_0306_0051_0188_0188.jpg 1 306 51 188 188
pencil/pencil_6/0986_0305_0048_0256_0256.jpg 1 305 48 256 256
pencil/pencil_6/0987_0444_0320_0075_0075.jpg 1 444 320 75 75
pencil/pencil_6/0988_0320_0037_0214_0214.jpg 1 320 37 214 214
pencil/pencil_6/0989_0456_0073_0056_0056.jpg 1 456 73 56 56
pencil/pencil_6/0990_0064_0258_0117_0117.jpg 1 64 258 117 117
pencil/pencil_6/0991_0291_0033_0202_0202.jpg 1 291 33 202 202
pencil/pencil_6/0992_0323_0092_0177_0177.jpg 1 323 92 177 177
pencil/pencil_6/0993_0225_0124_0064_0064.jpg 1 225 124 64 64
pencil/pencil_6/0994_0112_0206_0244_0244.jpg 1 112 206 244 244
pencil/pencil_6/0995_0136_0162_0220_0220.jpg 1 136 162 220 220
pencil/pencil_6/0996_0202_0097_0088_0088.jpg 1 202 97 88 88
pencil/pencil_6/0997_0141_0230_0155_0155.jpg 1 141 230 155 155
pencil/pencil_6/0998_0057_0038_0273_0273.jpg 1 57 38 273 273
pencil/pencil_6/0999_0050_0230_0139_0139.jpg 1 50 230 139 139
pencil/pencil_6/1000_0227_0291_0095_0095.jpg 1 227 291 95 95
pencil/pencil_6/1001_0183_0042_0283_0283.jpg 1 183 42 283 283
pencil/pencil_6/1002_0377_0074_0084_0084.jpg 1 377 74 84 84
pencil/pencil_6/1003_0124_0056_0247_0247.jpg 1 124 56 247 247
pencil/pencil_6/1004_0152_0140_0074_0074.jpg 1 152 140 74 74
pencil/pencil_6/1005_0057_0155_0197_0197.jpg 1 57 155 197 197
pencil/pencil_6/1006_0123_0084_0188_0188.jpg 1 123 84 188 188
pencil/pencil_6/1007_0246_0044_0165_0165.jpg 1 246 44 165 165
pencil/pencil_6/1008_0091_0190_0169_0169.jpg 1 91 190 169 169
pencil/pencil_6/1009_0109_0039_0255_0255.jpg 1 109 39 255 255
pencil/pencil_6/1010_0116_0161_0123_0123.jpg 1 116 161 123 123
pencil/pencil_6/1011_0056_0166_0210_0210.jpg 1 56 166 210 210
pencil/pencil_6/1012_0202_0086_0244_0244.jpg 1 202 86 244 244
pencil/pencil_6/1013_0229_0105_0090_0090.jpg 1 229 105 90 90
pencil/pencil_6/1014_0264_0059_0154_0154.jpg 1 264 59 154 154
pencil/pencil_6/1015_0211_0090_0140_0140.jpg 1 211 90 140 140
pencil/pencil_6/1016_0053_0160_0256_0256.jpg 1 53 160 256 256
pencil/pencil_6/1017_0187_0162_0143_0143.jpg 1 187 162 143 143
pencil/pencil_6/1018_0274_0206_0210_0210.jpg 1 274 206 210 210
pencil/pencil_6/1019_0452_0216_0064_0064.jpg 1 452 216 64 64
pencil/pencil_6/1020_0097_0080_0201_0201.jpg 1 97 80 201 201
pencil/pencil_6/1021_0231_0062_0148_0148.jpg 1 231 62 148 148
pencil/pencil_6/1022_0021_0129_0234_0234.jpg 1 21 129 234 234
pencil/pencil_6/1023_0098_0089_0161_0161.jpg 1 98 89 161 161
pencil/pencil_6/1024_0216_0098_0289_0289.jpg 1 216 98 289 289
pencil/pencil_6/1025_0180_0193_0171_0171.jpg 1 180 193 171 171
pencil/pencil_6/1026_0262_0202_0157_0157.jpg 1 262 202 157 157
pencil/pencil_6/1027_0076_0112_0178_0178.jpg 1 76 112 178 178
pencil/pencil_6/1028_0354_0179_0091_0091.jpg 1 354 179 91 91
pencil/pencil_6/1029_0161_0296_0122_0122.jpg 1 161 296 122 122
pencil/pencil_6/1030_0251_0043_0115_0115.jpg 1 251 43 115 115
pencil/pencil_6/1031_0408_0174_0051_0051.jpg 1 408 174 51 51
pencil/pencil_6/1032_0228_0156_0107_0107.jpg 1 228 156 107 107
pencil/pencil_6/1033_0212_0112_0221_0221.jpg 1 212 112 221 221
pencil/pencil_6/1034_0263_0163_0222_0222.jpg 1 263 163 222 222
pencil/pencil_6/1035_0238_0169_0102_0102.jpg 1 238 169 102 102
pencil/pencil_6/1036_0083_0059_0173_0173.jpg 1 83 59 173 173
pencil/pencil_6/1037_0231_0030_0221_0221.jpg 1 231 30 221 221
pencil/pencil_6/1038_0126_0314_0064_0064.jpg 1 126 314 64 64
pencil/pencil_6/1039_0160_0100_0143_0143.jpg 1 160 100 143 143
pencil/pencil_6/1040_0095_0069_0085_0085.jpg 1 95 69 85 85
pencil/pencil_6/1041_0134_0107_0159_0159.jpg 1 134 107 159 159
pencil/pencil_6/1042_0219_0188_0172_0172.jpg 1 219 188 172 172
pencil/pencil_6/1043_0093_0206_0253_0253.jpg 1 93 206 253 253
pencil/pencil_6/1044_0277_0087_0052_0052.jpg 1 277 87 52 52
pencil/pencil_6/1045_0076_0049_0101_0101.jpg 1 76 49 101 101
pencil/pencil_6/1046_0169_0248_0124_0124.jpg 1 169 248 124 124
pencil/pencil_6/1047_0160_0029_0192_0192.jpg 1 160 29 192 192
pencil/pencil_6/1048_0254_0167_0070_0070.jpg 1 254 167 70 70
pencil/pencil_6/1049_0104_0281_0287_0287.jpg 1 104 281 287 287
pencil/pencil_6/1050_0459_0199_0061_0061.jpg 1 459 199 61 61
pencil/pencil_6/1051_0100_0154_0285_0285.jpg 1 100 154 285 285
pencil/pencil_6/1052_0056_0030_0267_0267.jpg 1 56 30 267 267
pencil/pencil_6/1053_0244_0263_0060_0060.jpg 1 244 263 60 60
pencil/pencil_6/1054_0138_0266_0170_0170.jpg 1 138 266 170 170
pencil/pencil_6/1055_0313_0210_0140_0140.jpg 1 313 210 140 140
pencil/pencil_6/1056_0071_0166_0125_0125.jpg 1 71 166 125 125
pencil/pencil_6/1057_0263_0209_0048_0048.jpg 1 263 209 48 48
pencil/pencil_6/1058_0085_0089_0175_0175.jpg 1 85 89 175 175
pencil/pencil_6/1059_0183_0165_0165_0165.jpg 1 183 165 165 165
pencil/pencil_6/1060_0085_0160_0183_0183.jpg 1 85 160 183 183
pencil/pencil_6/1061_0095_0063_0173_0173.jpg 1 95 63 173 173
pencil/pencil_6/1062_0264_0188_0096_0096.jpg 1 264 188 96 96
pencil/pencil_6/1063_0332_0214_0193_0193.jpg 1 332 214 193 193
pencil/pencil_6/1064_0245_0066_0201_0201.jpg 1 245 66 201 201
pencil/pencil_6/1065_0252_0112_0222_0222.jpg 1 252 112 222 222
pencil/pencil_6/1066_0271_0183_0175_0175.jpg 1 271 183 175 175
pencil/pencil_6/1067_0232_0061_0213_0213.jpg 1 232 61 213 213
pencil/pencil_6/1068_0269_0084_0141_0141.jpg 1 269 84 141 141
pencil/pencil_6/1069_0356_0219_0063_0063.jpg 1 356 219 63 63
pencil/pencil_6/1070_0271_0091_0070_0070.jpg 1 271 91 70 70
pencil/pencil_6/1071_0317_0153_0234_0234.jpg 1 317 153 234 234
pencil/pencil_6/1072_0160_0124_0243_0243.jpg 1 160 124 243 243
pencil/pencil_6/1073_0141_0051_0273_0273.jpg 1 141 51 273 273
pencil/pencil_6/1074_0314_0171_0137_0137.jpg 1 314 171 137 137
pencil/pencil_6/1075_0126_0240_0121_0121.jpg 1 126 240 121 121
pencil/pencil_6/1076_0093_0190_0238_0238.jpg 1 93 190 238 238
pencil/pencil_6/1077_0212_0173_0225_0225.jpg 1 212 173 225 225
pencil/pencil_6/1078_0232_0165_0098_0098.jpg 1 232 165 98 98
pencil/pencil_6/1079_0148_0150_0074_0074.jpg 1 148 150 74 74
pencil/pencil_6/1080_0073_0265_0141_0141.jpg 1 73 265 141 141
pencil/pencil_6/1081_0243_0122_0215_0215.jpg 1 243 122 215 215
pencil/pencil_6/1082_0300_0214_0134_0134.jpg 1 300 214 134 134
pencil/pencil_6/1083_0213_0181_0088_0088.jpg 1 213 181 88 88
pencil/pencil_6/1084_0171_0090_0243_0243.jpg 1 171 90 243 243
pencil/pencil_6/1085_0115_0177_0232_0232.jpg 1 115 177 232 232
pencil/pencil_6/1086_0060_0281_0098_0098.jpg 1 60 281 98 98
pencil/pencil_6/1087_0359_0143_0167_0167.jpg 1 359 143 167 167
pencil/pencil_6/1088_0030_0178_0236_0236.jpg 1 30 178 236 236
pencil/pencil_6/1089_0237_0115_0269_0269.jpg 1 237 115 269 269
pencil/pencil_6/1090_0198_0140_0291_0291.jpg 1 198 140 291 291
pencil/pencil_6/1091_0293_0176_0117_0117.jpg 1 293 176 117 117
pencil/pencil_6/1092_0259_0181_0199_0199.jpg 1 259 181 199 199
pencil/pencil_6/1093_0249_0252_0094_0094.jpg 1 249 252 94 94
pencil/pencil_6/1094_0277_0339_0093_0093.jpg 1 277 339 93 93
pencil/pencil_6/1095_0310_0053_0249_0249.jpg 1 310 53 249 249
pencil/pencil_6/1096_0101_0129_0105_0105.jpg 1 101 129 105 105
pencil/pencil_6/1097_0068_0073_0205_0205.jpg 1 68 73 205 205
pencil/pencil_6/1098_0115_0127_0281_0281.jpg 1 115 127 281 281
pencil/pencil_6/1099_0164_0089_0191_0191.jpg 1 164 89 191 191
pencil/pencil_6/1100_0074_0239_0141_0141.jpg 1 74 239 141 141
pencil/pencil_6/1101_0252_0283_0102_0102.jpg 1 252 283 102 102
pencil/pencil_6/1102_0069_0298_0192_0192.jpg 1 69 298 192 192
pencil/pencil_6/1103_0244_0160_0222_0222.jpg 1 244 160 222 222
pencil/pencil_6/1104_0087_0068_0290_0290.jpg 1 87 68 290 290
pencil/pencil_6/1105_0253_0056_0294_0294.jpg 1 253 56 294 294
pencil/pencil_6/1106_0304_0033_0197_0197.jpg 1 304 33 197 197
pencil/pencil_6/1107_0266_0098_0146_0146.jpg 1 266 98 146 146
pencil/pencil_6/1108_0195_0140_0060_0060.jpg 1 195 140 60 60
pencil/pencil_6/1109_0293_0121_0214_0214.jpg 1 293 121 214 214
pencil/pencil_6/1110_0233_0204_0175_0175.jpg 1 233 204 175 175
pencil/pencil_6/1111_0404_0280_0108_0108.jpg 1 404 280 108 108
pencil/pencil_6/1112_0217_0052_0226_0226.jpg 1 217 52 226 226
pencil/pencil_6/1113_0064_0227_0219_0219.jpg 1 64 227 219 219
pencil/pencil_6/1114_0227_0170_0151_0151.jpg 1 227 170 151 151
pencil/pencil_6/1115_0084_0131_0108_0108.jpg 1 84 131 108 108
pencil/pencil_6/1116_0285_0227_0154_0154.jpg 1 285 227 154 154
pencil/pencil_6/1117_0245_0063_0215_0215.jpg 1 245 63 215 215
pencil/pencil_6/1118_0200_0195_0081_0081.jpg 1 200 195 81 81
pencil/pencil_6/1119_0271_0088_0258_0258.jpg 1 271 88 258 258
pencil/pencil_6/1120_0218_0163_0240_0240.jpg 1 218 163 240 240
pencil/pencil_6/1121_0305_0081_0142_0142.jpg 1 305 81 142 142
pencil/pencil_6/1122_0304_0112_0202_0202.jpg 1 304 112 202 202
pencil/pencil_6/1123_0197_0162_0209_0209.jpg 1 197 162 209 209
pencil/pencil_6/1124_0084_0125_0050_0050.jpg 1 84 125 50 50
pencil/pencil_6/1125_0367_0065_0153_0153.jpg 1 367 65 153 153
pencil/pencil_6/1126_0059_0319_0110_0110.jpg 1 59 319 110 110
pencil/pencil_6/1127_0078_0211_0091_0091.jpg 1 78 211 91 91
pencil/pencil_6/1128_0195_0260_0115_0115.jpg 1 195 260 115 115
pencil/pencil_6/1129_0298_0191_0133_0133.jpg 1 298 191 133 133
pencil/pencil_6/1130_0247_0031_0246_0246.jpg 1 247 31 246 246
pencil/pencil_6/1131_0280_0109_0132_0132.jpg 1 280 109 132 132
pencil/pencil_6/1132_0431_0066_0078_0078.jpg 1 431 66 78 78
pencil/pencil_6/1133_0055_0285_0203_0203.jpg 1 55 285 203 203
pencil/pencil_6/1134_0252_0061_0167_0167.jpg 1 252 61 167 167
pencil/pencil_6/1135_0174_0186_0153_0153.jpg 1 174 186 153 153
pencil/pencil_6/1136_0247_0092_0190_0190.jpg 1 247 92 190 190
pencil/pencil_6/1137_0257_0207_0085_0085.jpg 1 257 207 85 85
pencil/pencil_6/1138_0314_0164_0165_0165.jpg 1 314 164 165 165
pencil/pencil_6/1139_0082_0153_0294_0294.jpg 1 82 153 294 294
pencil/pencil_6/1140_0308_0242_0122_0122.jpg 1 308 242 122 122
pencil/pencil_6/1141_0280_0194_0173_0173.jpg 1 280 194 173 173
pencil/pencil_6/1142_0244_0087_0290_0290.jpg 1 244 87 290 290
pencil/pencil_6/1143_0081_0124_0053_0053.jpg 1 81 124 53 53
pencil/pencil_6/1144_0371_0154_0054_0054.jpg 1 371 154 54 54
pencil/pencil_6/1145_0238_0311_0090_0090.jpg 1 238 311 90 90
pencil/pencil_6/1146_0265_0260_0138_0138.jpg 1 265 260 138 138
pencil/pencil_6/1147_0051_0052_0280_0280.jpg 1 51 52 280 280
pencil/pencil_6/1148_0045_0210_0213_0213.jpg 1 45 210 213 213
pencil/pencil_6/1149_0119_0205_0273_0273.jpg 1 119 205 273 273
pencil/pencil_6/1150_0252_0082_0111_0111.jpg 1 252 82 111 111
pencil/pencil_6/1151_0237_0141_0276_0276.jpg 1 237 141 276 276
pencil/pencil_6/1152_0263_0175_0143_0143.jpg 1 263 175 143 143
pencil/pencil_6/1153_0129_0380_0053_0053.jpg 1 129 380 53 53
pencil/pencil_6/1154_0079_0199_0140_0140.jpg 1 79 199 140 140
pencil/pencil_6/1155_0171_0078_0089_0089.jpg 1 171 78 89 89
pencil/pencil_6/1156_0090_0117_0277_0277.jpg 1 90 117 277 277
pencil/pencil_6/1157_0357_0060_0151_0151.jpg 1 357 60 151 151
pencil/pencil_6/1158_0220_0102_0127_0127.jpg 1 220 102 127 127
pencil/pencil_6/1159_0223_0178_0161_0161.jpg 1 223 178 161 161
pencil/pencil_6/1160_0222_0051_0062_0062.jpg 1 222 51 62 62
pencil/pencil_6/1161_0292_0274_0056_0056.jpg 1 292 274 56 56
pencil/pencil_6/1162_0319_0064_0215_0215.jpg 1 319 64 215 215
pencil/pencil_6/1163_0186_0117_0290_0290.jpg 1 186 117 290 290
pencil/pencil_6/1164_0066_0281_0051_0051.jpg 1 66 281 51 51
pencil/pencil_6/1165_0389_0046_0058_0058.jpg 1 389 46 58 58
pencil/pencil_6/1166_0173_0193_0182_0182.jpg 1 173 193 182 182
pencil/pencil_6/1167_0080_0047_0214_0214.jpg 1 80 47 214 214
pencil/pencil_6/1168_0225_0087_0170_0170.jpg 1 225 87 170 170
pencil/pencil_6/1169_0107_0269_0107_0107.jpg 1 107 269 107 107
pencil/pencil_6/1170_0142_0081_0159_0159.jpg 1 142 81 159 159
pencil/pencil_6/1171_0193_0129_0116_0116.jpg 1 193 129 116 116
pencil/pencil_6/1172_0071_0166_0254_0254.jpg 1 71 166 254 254
pencil/pencil_6/1173_0197_0147_0278_0278.jpg 1 197 147 278 278
pencil/pencil_6/1174_0205_0177_0221_0221.jpg 1 205 177 221 221
pencil/pencil_6/1175_0159_0098_0095_0095.jpg 1 159 98 95 95
pencil/pencil_6/1176_0375_0094_0148_0148.jpg 1 375 94 148 148
pencil/pencil_6/1177_0240_0145_0286_0286.jpg 1 240 145 286 286
pencil/pencil_6/1178_0059_0155_0125_0125.jpg 1 59 155 125 125
pencil/pencil_6/1179_0306_0184_0171_0171.jpg 1 306 184 171 171
pencil/pencil_6/1180_0082_0159_0071_0071.jpg 1 82 159 71 71
pencil/pencil_6/1181_0195_0288_0115_0115.jpg 1 195 288 115 115
pencil/pencil_6/1182_0230_0218_0064_0064.jpg 1 230 218 64 64
pencil/pencil_6/1183_0285_0064_0082_0082.jpg 1 285 64 82 82
pencil/pencil_6/1184_0293_0081_0097_0097.jpg 1 293 81 97 97
pencil/pencil_6/1185_0219_0062_0146_0146.jpg 1 219 62 146 146
pencil/pencil_6/1186_0313_0102_0206_0206.jpg 1 313 102 206 206
pencil/pencil_6/1187_0086_0040_0231_0231.jpg 1 86 40 231 231
pencil/pencil_6/1188_0267_0174_0102_0102.jpg 1 267 174 102 102
pencil/pencil_6/1189_0255_0051_0180_0180.jpg 1 255 51 180 180
pencil/pencil_6/1190_0082_0177_0246_0246.jpg 1 82 177 246 246
pencil/pencil_6/1191_0244_0114_0066_0066.jpg 1 244 114 66 66
pencil/pencil_6/1192_0373_0226_0052_0052.jpg 1 373 226 52 52
pencil/pencil_6/1193_0065_0132_0096_0096.jpg 1 65 132 96 96
pencil/pencil_6/1194_0239_0040_0181_0181.jpg 1 239 40 181 181
pencil/pencil_6/1195_0372_0084_0076_0076.jpg 1 372 84 76 76
pencil/pencil_6/1196_0132_0063_0276_0276.jpg 1 132 63 276 276
pencil/pencil_6/1197_0357_0214_0138_0138.jpg 1 357 214 138 138
pencil/pencil_6/1198_0150_0076_0208_0208.jpg 1 150 76 208 208
pencil/pencil_6/1199_0280_0136_0259_0259.jpg 1 280 136 259 259
pencil/pencil_6/1200_0248_0198_0178_0178.jpg 1 248 198 178 178
pencil/pencil_6/1201_0077_0147_0120_0120.jpg 1 77 147 120 120
pencil/pencil_6/1202_0042_0167_0285_0285.jpg 1 42 167 285 285
pencil/pencil_6/1203_0335_0126_0189_0189.jpg 1 335 126 189 189
pencil/pencil_6/1204_0061_0142_0154_0154.jpg 1 61 142 154 154
pencil/pencil_6/1205_0076_0123_0258_0258.jpg 1 76 123 258 258
pencil/pencil_6/1206_0190_0064_0286_0286.jpg 1 190 64 286 286
pencil/pencil_6/1207_0278_0300_0091_0091.jpg 1 278 300 91 91
pencil/pencil_6/1208_0421_0188_0097_0097.jpg 1 421 188 97 97
pencil/pencil_6/1209_0061_0046_0260_0260.jpg 1 61 46 260 260
pencil/pencil_6/1210_0074_0258_0086_0086.jpg 1 74 258 86 86
pencil/pencil_6/1211_0315_0154_0226_0226.jpg 1 315 154 226 226
pencil/pencil_6/1212_0188_0168_0100_0100.jpg 1 188 168 100 100
pencil/pencil_6/1213_0259_0118_0157_0157.jpg 1 259 118 157 157
pencil/pencil_6/1214_0021_0306_0228_0228.jpg 1 21 306 228 228
pencil/pencil_6/1215_0225_0226_0181_0181.jpg 1 225 226 181 181
pencil/pencil_6/1216_0040_0292_0079_0079.jpg 1 40 292 79 79
pencil/pencil_6/1217_0032_0077_0214_0214.jpg 1 32 77 214 214
pencil/pencil_6/1218_0289_0083_0260_0260.jpg 1 289 83 260 260
pencil/pencil_6/1219_0382_0192_0061_0061.jpg 1 382 192 61 61
pencil/pencil_6/1220_0082_0138_0140_0140.jpg 1 82 138 140 140
pencil/pencil_6/1221_0123_0028_0284_0284.jpg 1 123 28 284 284
pencil/pencil_6/1222_0293_0059_0220_0220.jpg 1 293 59 220 220
pencil/pencil_6/1223_0057_0327_0072_0072.jpg 1 57 327 72 72
pencil/pencil_6/1224_0248_0121_0271_0271.jpg 1 248 121 271 271
pencil/pencil_6/1225_0137_0215_0077_0077.jpg 1 137 215 77 77
pencil/pencil_6/1226_0249_0042_0257_0257.jpg 1 249 42 257 257
pencil/pencil_6/1227_0316_0144_0214_0214.jpg 1 316 144 214 214
pencil/pencil_6/1228_0040_0233_0238_0238.jpg 1 40 233 238 238
pencil/pencil_6/1229_0268_0092_0191_0191.jpg 1 268 92 191 191
pencil/pencil_6/1230_0160_0024_0278_0278.jpg 1 160 24 278 278
pencil/pencil_6/1231_0119_0248_0083_0083.jpg 1 119 248 83 83
pencil/pencil_6/1232_0168_0252_0095_0095.jpg 1 168 252 95 95
pencil/pencil_6/1233_0273_0179_0065_0065.jpg 1 273 179 65 65
pencil/pencil_6/1234_0058_0021_0273_0273.jpg 1 58 21 273 273
pencil/pencil_6/1235_0128_0285_0094_0094.jpg 1 128 285 94 94
pencil/pencil_6/1236_0067_0030_0256_0256.jpg 1 67 30 256 256
pencil/pencil_6/1237_0399_0300_0101_0101.jpg 1 399 300 101 101
pencil/pencil_6/1238_0129_0111_0159_0159.jpg 1 129 111 159 159
pencil/pencil_6/1239_0386_0086_0087_0087.jpg 1 386 86 87 87
pencil/pencil_6/1240_0191_0096_0288_0288.jpg 1 191 96 288 288
pencil/pencil_6/1241_0092_0170_0149_0149.jpg 1 92 170 149 149
pencil/pencil_6/1242_0210_0036_0126_0126.jpg 1 210 36 126 126
pencil/pencil_6/1243_0188_0307_0141_0141.jpg 1 188 307 141 141
pencil/pencil_6/1244_0293_0190_0079_0079.jpg 1 293 190 79 79
pencil/pencil_6/1245_0054_0203_0219_0219.jpg 1 54 203 219 219
pencil/pencil_6/1246_0215_0059_0089_0089.jpg 1 215 59 89 89
pencil/pencil_6/1247_0113_0323_0193_0193.jpg 1 113 323 193 193
pencil/pencil_6/1248_0115_0112_0060_0060.jpg 1 115 112 60 60
pencil/pencil_6/1249_0268_0225_0136_0136.jpg 1 268 225 136 136
pencil/pencil_6/1250_0255_0044_0267_0267.jpg 1 255 44 267 267
pencil/pencil_6/1251_0065_0073_0253_0253.jpg 1 65 73 253 253
pencil/pencil_6/1252_0174_0032_0219_0219.jpg 1 174 32 219 219
pencil/pencil_6/1253_0347_0255_0148_0148.jpg 1 347 255 148 148
pencil/pencil_6/1254_0080_0042_0285_0285.jpg 1 80 42 285 285
pencil/pencil_6/1255_0244_0187_0159_0159.jpg 1 244 187 159 159
pencil/pencil_6/1256_0284_0083_0224_0224.jpg 1 284 83 224 224
pencil/pencil_6/1257_0382_0146_0145_0145.jpg 1 382 146 145 145
pencil/pencil_6/1258_0184_0250_0157_0157.jpg 1 184 250 157 157
pencil/pencil_6/1259_0358_0195_0178_0178.jpg 1 358 195 178 178
pencil/pencil_6/1260_0151_0109_0287_0287.jpg 1 151 109 287 287
pencil/pencil_6/1261_0232_0058_0251_0251.jpg 1 232 58 251 251
pencil/pencil_6/1262_0394_0165_0145_0145.jpg 1 394 165 145 145
pencil/pencil_6/1263_0330_0054_0207_0207.jpg 1 330 54 207 207
pencil/pencil_6/1264_0181_0169_0161_0161.jpg 1 181 169 161 161
pencil/pencil_6/1265_0146_0108_0245_0245.jpg 1 146 108 245 245
pencil/pencil_6/1266_0135_0240_0261_0261.jpg 1 135 240 261 261
pencil/pencil_6/1267_0116_0147_0156_0156.jpg 1 116 147 156 156
pencil/pencil_6/1268_0349_0129_0194_0194.jpg 1 349 129 194 194
pencil/pencil_6/1269_0267_0117_0157_0157.jpg 1 267 117 157 157
pencil/pencil_6/1270_0163_0066_0260_0260.jpg 1 163 66 260 260
pencil/pencil_6/1271_0105_0054_0170_0170.jpg 1 105 54 170 170
pencil/pencil_6/1272_0034_0156_0250_0250.jpg 1 34 156 250 250
pencil/pencil_6/1273_0101_0039_0265_0265.jpg 1 101 39 265 265
pencil/pencil_6/1274_0215_0057_0227_0227.jpg 1 215 57 227 227
pencil/pencil_6/1275_0193_0150_0061_0061.jpg 1 193 150 61 61
pencil/pencil_6/1276_0280_0108_0078_0078.jpg 1 280 108 78 78
pencil/pencil_6/1277_0416_0124_0105_0105.jpg 1 416 124 105 105
pencil/pencil_6/1278_0274_0049_0129_0129.jpg 1 274 49 129 129
pencil/pencil_6/1279_0188_0041_0232_0232.jpg 1 188 41 232 232
pencil/pencil_6/1280_0130_0298_0062_0062.jpg 1 130 298 62 62
pencil/pencil_6/1281_0207_0050_0060_0060.jpg 1 207 50 60 60
pencil/pencil_6/1282_0222_0076_0158_0158.jpg 1 222 76 158 158
pencil/pencil_6/1283_0271_0051_0281_0281.jpg 1 271 51 281 281
pencil/pencil_6/1284_0249_0231_0178_0178.jpg 1 249 231 178 178
pencil/pencil_6/1285_0310_0166_0226_0226.jpg 1 310 166 226 226
pencil/pencil_6/1286_0158_0102_0281_0281.jpg 1 158 102 281 281
pencil/pencil_6/1287_0411_0212_0070_0070.jpg 1 411 212 70 70
pencil/pencil_6/1288_0296_0095_0148_0148.jpg 1 296 95 148 148
pencil/pencil_6/1289_0174_0109_0155_0155.jpg 1 174 109 155 155
pencil/pencil_6/1290_0335_0116_0081_0081.jpg 1 335 116 81 81
pencil/pencil_6/1291_0057_0223_0194_0194.jpg 1 57 223 194 194
pencil/pencil_6/1292_0082_0151_0224_0224.jpg 1 82 151 224 224
pencil/pencil_6/1293_0302_0088_0253_0253.jpg 1 302 88 253 253
pencil/pencil_6/1294_0080_0089_0287_0287.jpg 1 80 89 287 287
pencil/pencil_6/1295_0090_0302_0093_0093.jpg 1 90 302 93 93
pencil/pencil_6/1296_0359_0255_0144_0144.jpg 1 359 255 144 144
pencil/pencil_6/1297_0266_0246_0134_0134.jpg 1 266 246 134 134
pencil/pencil_6/1298_0391_0277_0057_0057.jpg 1 391 277 57 57
pencil/pencil_6/1299_0233_0149_0212_0212.jpg 1 233 149 212 212
pencil/pencil_6/1300_0112_0159_0130_0130.jpg 1 112 159 130 130
pencil/pencil_6/1301_0334_0092_0093_0093.jpg 1 334 92 93 93
pencil/pencil_6/1302_0048_0037_0266_0266.jpg 1 48 37 266 266
pencil/pencil_6/1303_0312_0217_0059_0059.jpg 1 312 217 59 59
pencil/pencil_6/1304_0165_0409_0098_0098.jpg 1 165 409 98 98
pencil/pencil_6/1305_0275_0131_0283_0283.jpg 1 275 131 283 283
pencil/pencil_6/1306_0256_0199_0124_0124.jpg 1 256 199 124 124
pencil/pencil_6/1307_0094_0169_0111_0111.jpg 1 94 169 111 111
pencil/pencil_6/1308_0358_0073_0176_0176.jpg 1 358 73 176 176
pencil/pencil_6/1309_0136_0146_0248_0248.jpg 1 136 146 248 248
pencil/pencil_6/1310_0249_0046_0174_0174.jpg 1 249 46 174 174
pencil/pencil_6/1311_0368_0063_0172_0172.jpg 1 368 63 172 172
pencil/pencil_6/1312_0128_0043_0262_0262.jpg 1 128 43 262 262
pencil/pencil_6/1313_0360_0091_0052_0052.jpg 1 360 91 52 52
pencil/pencil_6/1314_0363_0099_0183_0183.jpg 1 363 99 183 183
pencil/pencil_6/1315_0098_0240_0165_0165.jpg 1 98 240 165 165
pencil/pencil_6/1316_0212_0236_0093_0093.jpg 1 212 236 93 93
pencil/pencil_6/1317_0248_0167_0163_0163.jpg 1 248 167 163 163
pencil/pencil_6/1318_0127_0098_0224_0224.jpg 1 127 98 224 224
pencil/pencil_6/1319_0062_0203_0108_0108.jpg 1 62 203 108 108
pencil/pencil_6/1320_0213_0102_0195_0195.jpg 1 213 102 195 195
pencil/pencil_6/1321_0272_0121_0190_0190.jpg 1 272 121 190 190
pencil/pencil_6/1322_0218_0120_0268_0268.jpg 1 218 120 268 268
pencil/pencil_6/1323_0078_0264_0289_0289.jpg 1 78 264 289 289
pencil/pencil_6/1324_0296_0083_0267_0267.jpg 1 296 83 267 267
pencil/pencil_6/1325_0198_0166_0173_0173.jpg 1 198 166 173 173
pencil/pencil_6/1326_0231_0129_0214_0214.jpg 1 231 129 214 214
pencil/pencil_6/1327_0356_0073_0128_0128.jpg 1 356 73 128 128
pencil/pencil_6/1328_0366_0203_0156_0156.jpg 1 366 203 156 156
pencil/pencil_6/1329_0411_0205_0105_0105.jpg 1 411 205 105 105
pencil/pencil_6/1330_0090_0179_0219_0219.jpg 1 90 179 219 219
pencil/pencil_6/1331_0065_0159_0209_0209.jpg 1 65 159 209 209
pencil/pencil_6/1332_0183_0197_0164_0164.jpg 1 183 197 164 164
pencil/pencil_6/1333_0053_0110_0241_0241.jpg 1 53 110 241 241
pencil/pencil_6/1334_0090_0142_0219_0219.jpg 1 90 142 219 219
pencil/pencil_6/1335_0059_0040_0157_0157.jpg 1 59 40 157 157
pencil/pencil_6/1336_0362_0051_0119_0119.jpg 1 362 51 119 119
pencil/pencil_6/1337_0089_0257_0146_0146.jpg 1 89 257 146 146
pencil/pencil_6/1338_0125_0093_0269_0269.jpg 1 125 93 269 269
pencil/pencil_6/1339_0277_0236_0058_0058.jpg 1 277 236 58 58
pencil/pencil_6/1340_0202_0145_0279_0279.jpg 1 202 145 279 279
pencil/pencil_6/1341_0123_0219_0147_0147.jpg 1 123 219 147 147
pencil/pencil_6/1342_0189_0348_0149_0149.jpg 1 189 348 149 149
pencil/pencil_6/1343_0189_0241_0171_0171.jpg 1 189 241 171 171
pencil/pencil_6/1344_0208_0207_0107_0107.jpg 1 208 207 107 107
pencil/pencil_6/1345_0072_0031_0266_0266.jpg 1 72 31 266 266
pencil/pencil_6/1346_0193_0150_0243_0243.jpg 1 193 150 243 243
pencil/pencil_6/1347_0423_0130_0070_0070.jpg 1 423 130 70 70
pencil/pencil_6/1348_0088_0216_0075_0075.jpg 1 88 216 75 75
pencil/pencil_6/1349_0225_0146_0195_0195.jpg 1 225 146 195 195
pencil/pencil_6/1350_0362_0089_0112_0112.jpg 1 362 89 112 112
pencil/pencil_6/1351_0223_0174_0151_0151.jpg 1 223 174 151 151
pencil/pencil_6/1352_0268_0107_0140_0140.jpg 1 268 107 140 140
pencil/pencil_6/1353_0080_0295_0077_0077.jpg 1 80 295 77 77
pencil/pencil_6/1354_0250_0150_0110_0110.jpg 1 250 150 110 110
pencil/pencil_6/1355_0234_0116_0099_0099.jpg 1 234 116 99 99
pencil/pencil_6/1356_0049_0305_0083_0083.jpg 1 49 305 83 83
pencil/pencil_6/1357_0143_0115_0121_0121.jpg 1 143 115 121 121
pencil/pencil_6/1358_0306_0050_0236_0236.jpg 1 306 50 236 236
pencil/pencil_6/1359_0236_0092_0263_0263.jpg 1 236 92 263 263
pencil/pencil_6/1360_0112_0139_0102_0102.jpg 1 112 139 102 102
pencil/pencil_6/1361_0263_0189_0054_0054.jpg 1 263 189 54 54
pencil/pencil_6/1362_0126_0103_0126_0126.jpg 1 126 103 126 126
pencil/pencil_6/1363_0279_0228_0060_0060.jpg 1 279 228 60 60
pencil/pencil_6/1364_0252_0096_0090_0090.jpg 1 252 96 90 90
pencil/pencil_6/1365_0156_0111_0244_0244.jpg 1 156 111 244 244
pencil/pencil_6/1366_0266_0279_0082_0082.jpg 1 266 279 82 82
pencil/pencil_6/1367_0277_0107_0185_0185.jpg 1 277 107 185 185
pencil/pencil_6/1368_0211_0213_0154_0154.jpg 1 211 213 154 154
pencil/pencil_6/1369_0146_0034_0137_0137.jpg 1 146 34 137 137
pencil/pencil_6/1370_0141_0048_0245_0245.jpg 1 141 48 245 245
pencil/pencil_6/1371_0266_0206_0101_0101.jpg 1 266 206 101 101
pencil/pencil_6/1372_0059_0081_0079_0079.jpg 1 59 81 79 79
pencil/pencil_6/1373_0202_0215_0179_0179.jpg 1 202 215 179 179
pencil/pencil_6/1374_0379_0237_0079_0079.jpg 1 379 237 79 79
pencil/pencil_6/1375_0391_0146_0137_0137.jpg 1 391 146 137 137
pencil/pencil_6/1376_0282_0183_0144_0144.jpg 1 282 183 144 144
pencil/pencil_6/1377_0303_0075_0168_0168.jpg 1 303 75 168 168
pencil/pencil_6/1378_0224_0143_0167_0167.jpg 1 224 143 167 167
pencil/pencil_6/1379_0050_0210_0223_0223.jpg 1 50 210 223 223
pencil/pencil_6/1380_0120_0223_0182_0182.jpg 1 120 223 182 182
pencil/pencil_6/1381_0301_0124_0114_0114.jpg 1 301 124 114 114
pencil/pencil_6/1382_0206_0169_0209_0209.jpg 1 206 169 209 209
pencil/pencil_6/1383_0072_0236_0123_0123.jpg 1 72 236 123 123
pencil/pencil_6/1384_0246_0213_0055_0055.jpg 1 246 213 55 55
pencil/pencil_6/1385_0060_0146_0221_0221.jpg 1 60 146 221 221
pencil/pencil_6/1386_0153_0231_0180_0180.jpg 1 153 231 180 180
pencil/pencil_6/1387_0107_0061_0176_0176.jpg 1 107 61 176 176
pencil/pencil_6/1388_0072_0266_0139_0139.jpg 1 72 266 139 139
pencil/pencil_6/1389_0375_0129_0166_0166.jpg 1 375 129 166 166
pencil/pencil_6/1390_0243_0107_0167_0167.jpg 1 243 107 167 167
pencil/pencil_6/1391_0159_0038_0228_0228.jpg 1 159 38 228 228
pencil/pencil_6/1392_0248_0097_0087_0087.jpg 1 248 97 87 87
pencil/pencil_6/1393_0234_0087_0169_0169.jpg 1 234 87 169 169
pencil/pencil_6/1394_0104_0169_0253_0253.jpg 1 104 169 253 253
pencil/pencil_6/1395_0430_0209_0071_0071.jpg 1 430 209 71 71
pencil/pencil_6/1396_0077_0091_0212_0212.jpg 1 77 91 212 212
pencil/pencil_6/1397_0084_0163_0267_0267.jpg 1 84 163 267 267
pencil/pencil_6/1398_0120_0080_0241_0241.jpg 1 120 80 241 241
pencil/pencil_6/1399_0265_0103_0081_0081.jpg 1 265 103 81 81
pencil/pencil_6/1400_0193_0036_0250_0250.jpg 1 193 36 250 250
pencil/pencil_6/1401_0243_0055_0057_0057.jpg 1 243 55 57 57
pencil/pencil_6/1402_0205_0190_0096_0096.jpg 1 205 190 96 96
pencil/pencil_6/1403_0403_0127_0054_0054.jpg 1 403 127 54 54
pencil/pencil_6/1404_0213_0023_0263_0263.jpg 1 213 23 263 263
pencil/pencil_6/1405_0082_0063_0050_0050.jpg 1 82 63 50 50
pencil/pencil_6/1406_0269_0032_0243_0243.jpg 1 269 32 243 243
pencil/pencil_6/1407_0054_0042_0219_0219.jpg 1 54 42 219 219
pencil/pencil_6/1408_0282_0253_0109_0109.jpg 1 282 253 109 109
pencil/pencil_6/1409_0188_0072_0267_0267.jpg 1 188 72 267 267
pencil/pencil_6/1410_0124_0436_0051_0051.jpg 1 124 436 51 51
pencil/pencil_6/1411_0355_0232_0146_0146.jpg 1 355 232 146 146
pencil/pencil_6/1412_0292_0075_0065_0065.jpg 1 292 75 65 65
pencil/pencil_6/1413_0203_0139_0163_0163.jpg 1 203 139 163 163
pencil/pencil_6/1414_0269_0159_0238_0238.jpg 1 269 159 238 238
pencil/pencil_6/1415_0196_0307_0069_0069.jpg 1 196 307 69 69
pencil/pencil_6/1416_0375_0066_0078_0078.jpg 1 375 66 78 78
pencil/pencil_6/1417_0291_0115_0112_0112.jpg 1 291 115 112 112
pencil/pencil_6/1418_0173_0043_0101_0101.jpg 1 173 43 101 101
pencil/pencil_6/1419_0158_0064_0279_0279.jpg 1 158 64 279 279
pencil/pencil_6/1420_0096_0347_0137_0137.jpg 1 96 347 137 137
pencil/pencil_6/1421_0280_0143_0196_0196.jpg 1 280 143 196 196
pencil/pencil_6/1422_0051_0276_0129_0129.jpg 1 51 276 129 129
pencil/pencil_6/1423_0295_0172_0175_0175.jpg 1 295 172 175 175
pencil/pencil_6/1424_0121_0075_0097_0097.jpg 1 121 75 97 97
pencil/pencil_6/1425_0196_0259_0071_0071.jpg 1 196 259 71 71
pencil/pencil_6/1426_0039_0079_0280_0280.jpg 1 39 79 280 280
pencil/pencil_6/1427_0342_0066_0105_0105.jpg 1 342 66 105 105
pencil/pencil_6/1428_0183_0248_0095_0095.jpg 1 183 248 95 95
pencil/pencil_6/1429_0174_0051_0283_0283.jpg 1 174 51 283 283
pencil/pencil_6/1430_0063_0255_0136_0136.jpg 1 63 255 136 136
pencil/pencil_6/1431_0168_0179_0191_0191.jpg 1 168 179 191 191
pencil/pencil_6/1432_0157_0040_0286_0286.jpg 1 157 40 286 286
pencil/pencil_6/1433_0092_0100_0119_0119.jpg 1 92 100 119 119
pencil/pencil_6/1434_0244_0101_0110_0110.jpg 1 244 101 110 110
pencil/pencil_6/1435_0060_0240_0108_0108.jpg 1 60 240 108 108
pencil/pencil_6/1436_0164_0264_0204_0204.jpg 1 164 264 204 204
pencil/pencil_6/1437_0294_0166_0165_0165.jpg 1 294 166 165 165
pencil/pencil_6/1438_0245_0074_0108_0108.jpg 1 245 74 108 108
pencil/pencil_6/1439_0120_0189_0124_0124.jpg 1 120 189 124 124
pencil/pencil_6/1440_0294_0045_0203_0203.jpg 1 294 45 203 203
pencil/pencil_6/1441_0355_0187_0093_0093.jpg 1 355 187 93 93
pencil/pencil_6/1442_0158_0149_0192_0192.jpg 1 158 149 192 192
pencil/pencil_6/1443_0253_0123_0119_0119.jpg 1 253 123 119 119
pencil/pencil_6/1444_0170_0045_0233_0233.jpg 1 170 45 233 233
pencil/pencil_6/1445_0143_0080_0268_0268.jpg 1 143 80 268 268
pencil/pencil_6/1446_0355_0100_0151_0151.jpg 1 355 100 151 151
pencil/pencil_6/1447_0076_0030_0291_0291.jpg 1 76 30 291 291
pencil/pencil_6/1448_0097_0149_0192_0192.jpg 1 97 149 192 192
pencil/pencil_6/1449_0253_0138_0102_0102.jpg 1 253 138 102 102
pencil/pencil_6/1450_0148_0300_0058_0058.jpg 1 148 300 58 58
pencil/pencil_6/1451_0309_0164_0211_0211.jpg 1 309 164 211 211
pencil/pencil_6/1452_0278_0130_0272_0272.jpg 1 278 130 272 272
pencil/pencil_6/1453_0123_0200_0185_0185.jpg 1 123 200 185 185
pencil/pencil_6/1454_0125_0258_0231_0231.jpg 1 125 258 231 231
pencil/pencil_6/1455_0152_0209_0147_0147.jpg 1 152 209 147 147
pencil/pencil_6/1456_0123_0048_0284_0284.jpg 1 123 48 284 284
pencil/pencil_6/1457_0234_0133_0219_0219.jpg 1 234 133 219 219
pencil/pencil_6/1458_0355_0109_0164_0164.jpg 1 355 109 164 164
pencil/pencil_6/1459_0246_0060_0094_0094.jpg 1 246 60 94 94
pencil/pencil_6/1460_0073_0169_0081_0081.jpg 1 73 169 81 81
pencil/pencil_6/1461_0210_0181_0181_0181.jpg 1 210 181 181 181
pencil/pencil_6/1462_0108_0135_0216_0216.jpg 1 108 135 216 216
pencil/pencil_6/1463_0166_0372_0076_0076.jpg 1 166 372 76 76
pencil/pencil_6/1464_0074_0213_0143_0143.jpg 1 74 213 143 143
pencil/pencil_6/1465_0214_0082_0094_0094.jpg 1 214 82 94 94
pencil/pencil_6/1466_0187_0054_0125_0125.jpg 1 187 54 125 125
pencil/pencil_6/1467_0146_0179_0157_0157.jpg 1 146 179 157 157
pencil/pencil_6/1468_0099_0147_0259_0259.jpg 1 99 147 259 259
pencil/pencil_6/1469_0234_0054_0243_0243.jpg 1 234 54 243 243
pencil/pencil_6/1470_0050_0297_0122_0122.jpg 1 50 297 122 122
pencil/pencil_6/1471_0059_0281_0156_0156.jpg 1 59 281 156 156
pencil/pencil_6/1472_0345_0171_0165_0165.jpg 1 345 171 165 165
pencil/pencil_6/1473_0303_0121_0228_0228.jpg 1 303 121 228 228
pencil/pencil_6/1474_0092_0082_0069_0069.jpg 1 92 82 69 69
pencil/pencil_6/1475_0081_0247_0128_0128.jpg 1 81 247 128 128
pencil/pencil_6/1476_0358_0079_0158_0158.jpg 1 358 79 158 158
pencil/pencil_6/1477_0133_0207_0192_0192.jpg 1 133 207 192 192
pencil/pencil_6/1478_0099_0145_0292_0292.jpg 1 99 145 292 292
pencil/pencil_6/1479_0382_0236_0095_0095.jpg 1 382 236 95 95
pencil/pencil_6/1480_0339_0111_0144_0144.jpg 1 339 111 144 144
pencil/pencil_6/1481_0201_0128_0156_0156.jpg 1 201 128 156 156
pencil/pencil_6/1482_0256_0074_0170_0170.jpg 1 256 74 170 170
pencil/pencil_6/1483_0145_0267_0252_0252.jpg 1 145 267 252 252
pencil/pencil_6/1484_0049_0123_0272_0272.jpg 1 49 123 272 272
pencil/pencil_6/1485_0218_0137_0265_0265.jpg 1 218 137 265 265
pencil/pencil_6/1486_0201_0115_0079_0079.jpg 1 201 115 79 79
pencil/pencil_6/1487_0139_0230_0124_0124.jpg 1 139 230 124 124
pencil/pencil_6/1488_0179_0220_0069_0069.jpg 1 179 220 69 69
pencil/pencil_6/1489_0299_0325_0066_0066.jpg 1 299 325 66 66
pencil/pencil_6/1490_0304_0028_0232_0232.jpg 1 304 28 232 232
pencil/pencil_6/1491_0197_0328_0225_0225.jpg 1 197 328 225 225
pencil/pencil_6/1492_0286_0208_0161_0161.jpg 1 286 208 161 161
pencil/pencil_6/1493_0176_0166_0069_0069.jpg 1 176 166 69 69
pencil/pencil_6/1494_0123_0046_0087_0087.jpg 1 123 46 87 87
pencil/pencil_6/1495_0281_0144_0093_0093.jpg 1 281 144 93 93
pencil/pencil_6/1496_0230_0230_0116_0116.jpg 1 230 230 116 116
pencil/pencil_6/1497_0122_0091_0295_0295.jpg 1 122 91 295 295
pencil/pencil_6/1498_0233_0252_0183_0183.jpg 1 233 252 183 183
pencil/pencil_6/1499_0383_0112_0103_0103.jpg 1 383 112 103 103
pencil/pencil_6/1500_0113_0208_0052_0052.jpg 1 113 208 52 52
