0001_0102_0048_0244_0244.jpg 1 102 48 244 244
0002_0098_0187_0135_0135.jpg 1 98 187 135 135
0003_0181_0068_0189_0189.jpg 1 181 68 189 189
0004_0129_0038_0227_0227.jpg 1 129 38 227 227
0005_0128_0165_0179_0179.jpg 1 128 165 179 179
0006_0294_0036_0164_0164.jpg 1 294 36 164 164
0007_0129_0143_0273_0273.jpg 1 129 143 273 273
0008_0390_0253_0073_0073.jpg 1 390 253 73 73
0009_0230_0099_0265_0265.jpg 1 230 99 265 265
0010_0280_0129_0250_0250.jpg 1 280 129 250 250
0011_0148_0160_0206_0206.jpg 1 148 160 206 206
0012_0075_0245_0209_0209.jpg 1 75 245 209 209
0013_0333_0219_0025_0025.jpg 1 333 219 25 25
0014_0243_0066_0071_0071.jpg 1 243 66 71 71
0015_0357_0075_0133_0133.jpg 1 357 75 133 133
0016_0279_0239_0068_0068.jpg 1 279 239 68 68
0017_0105_0061_0294_0294.jpg 1 105 61 294 294
0018_0109_0118_0235_0235.jpg 1 109 118 235 235
0019_0261_0264_0063_0063.jpg 1 261 264 63 63
0020_0273_0076_0291_0291.jpg 1 273 76 291 291
0021_0077_0172_0261_0261.jpg 1 77 172 261 261
0022_0223_0092_0078_0078.jpg 1 223 92 78 78
0023_0125_0104_0154_0154.jpg 1 125 104 154 154
0024_0141_0154_0283_0283.jpg 1 141 154 283 283
0025_0105_0164_0261_0261.jpg 1 105 164 261 261
0026_0112_0089_0266_0266.jpg 1 112 89 266 266
0027_0088_0061_0042_0042.jpg 1 88 61 42 42
0028_0061_0110_0269_0269.jpg 1 61 110 269 269
0029_0183_0181_0249_0249.jpg 1 183 181 249 249
0030_0165_0054_0184_0184.jpg 1 165 54 184 184
0031_0155_0141_0280_0280.jpg 1 155 141 280 280
0032_0171_0154_0224_0224.jpg 1 171 154 224 224
0033_0200_0025_0264_0264.jpg 1 200 25 264 264
0034_0335_0199_0175_0175.jpg 1 335 199 175 175
0035_0373_0249_0122_0122.jpg 1 373 249 122 122
0036_0171_0087_0267_0267.jpg 1 171 87 267 267
0037_0126_0088_0233_0233.jpg 1 126 88 233 233
0038_0223_0115_0261_0261.jpg 1 223 115 261 261
0039_0219_0134_0196_0196.jpg 1 219 134 196 196
0040_0080_0090_0054_0054.jpg 1 80 90 54 54
0041_0107_0062_0175_0175.jpg 1 107 62 175 175
0042_0081_0053_0212_0212.jpg 1 81 53 212 212
0043_0084_0079_0080_0080.jpg 1 84 79 80 80
0044_0206_0032_0221_0221.jpg 1 206 32 221 221
0045_0087_0173_0175_0175.jpg 1 87 173 175 175
0046_0084_0241_0146_0146.jpg 1 84 241 146 146
0047_0150_0115_0288_0288.jpg 1 150 115 288 288
0048_0391_0160_0063_0063.jpg 1 391 160 63 63
0049_0415_0352_0024_0024.jpg 1 415 352 24 24
0050_0294_0202_0199_0199.jpg 1 294 202 199 199
0051_0061_0322_0030_0030.jpg 1 61 322 30 30
0052_0358_0046_0111_0111.jpg 1 358 46 111 111
0053_0075_0110_0102_0102.jpg 1 75 110 102 102
0054_0079_0221_0169_0169.jpg 1 79 221 169 169
0055_0316_0082_0221_0221.jpg 1 316 82 221 221
0056_0209_0091_0119_0119.jpg 1 209 91 119 119
0057_0247_0105_0211_0211.jpg 1 247 105 211 211
0058_0190_0253_0053_0053.jpg 1 190 253 53 53
0059_0208_0293_0070_0070.jpg 1 208 293 70 70
0060_0332_0088_0153_0153.jpg 1 332 88 153 153
0061_0272_0089_0275_0275.jpg 1 272 89 275 275
0062_0060_0287_0036_0036.jpg 1 60 287 36 36
0063_0324_0111_0076_0076.jpg 1 324 111 76 76
0064_0186_0160_0157_0157.jpg 1 186 160 157 157
0065_0174_0228_0177_0177.jpg 1 174 228 177 177
0066_0314_0055_0241_0241.jpg 1 314 55 241 241
0067_0189_0054_0195_0195.jpg 1 189 54 195 195
0068_0122_0178_0043_0043.jpg 1 122 178 43 43
0069_0131_0394_0029_0029.jpg 1 131 394 29 29
0070_0410_0175_0062_0062.jpg 1 410 175 62 62
0071_0217_0217_0176_0176.jpg 1 217 217 176 176
0072_0265_0141_0282_0282.jpg 1 265 141 282 282
0073_0131_0171_0165_0165.jpg 1 131 171 165 165
0074_0168_0046_0245_0245.jpg 1 168 46 245 245
0075_0226_0075_0250_0250.jpg 1 226 75 250 250
0076_0108_0098_0291_0291.jpg 1 108 98 291 291
0077_0068_0131_0254_0254.jpg 1 68 131 254 254
0078_0383_0062_0131_0131.jpg 1 383 62 131 131
0079_0046_0146_0278_0278.jpg 1 46 146 278 278
0080_0299_0114_0093_0093.jpg 1 299 114 93 93
0081_0110_0299_0098_0098.jpg 1 110 299 98 98
0082_0111_0101_0272_0272.jpg 1 111 101 272 272
0083_0077_0169_0094_0094.jpg 1 77 169 94 94
0084_0275_0161_0271_0271.jpg 1 275 161 271 271
0085_0357_0052_0159_0159.jpg 1 357 52 159 159
0086_0058_0141_0197_0197.jpg 1 58 141 197 197
0087_0402_0237_0092_0092.jpg 1 402 237 92 92
0088_0147_0205_0055_0055.jpg 1 147 205 55 55
0089_0322_0167_0169_0169.jpg 1 322 167 169 169
0090_0159_0127_0247_0247.jpg 1 159 127 247 247
0091_0216_0171_0156_0156.jpg 1 216 171 156 156
0092_0135_0095_0154_0154.jpg 1 135 95 154 154
0093_0239_0122_0243_0243.jpg 1 239 122 243 243
0094_0170_0172_0199_0199.jpg 1 170 172 199 199
0095_0332_0085_0217_0217.jpg 1 332 85 217 217
0096_0106_0059_0209_0209.jpg 1 106 59 209 209
0097_0237_0119_0259_0259.jpg 1 237 119 259 259
0098_0109_0092_0290_0290.jpg 1 109 92 290 290
0099_0171_0249_0115_0115.jpg 1 171 249 115 115
0100_0165_0163_0146_0146.jpg 1 165 163 146 146
0101_0104_0316_0193_0193.jpg 1 104 316 193 193
0102_0240_0292_0057_0057.jpg 1 240 292 57 57
0103_0178_0054_0072_0072.jpg 1 178 54 72 72
0104_0071_0147_0189_0189.jpg 1 71 147 189 189
0105_0144_0068_0297_0297.jpg 1 144 68 297 297
0106_0107_0321_0203_0203.jpg 1 107 321 203 203
0107_0128_0124_0235_0235.jpg 1 128 124 235 235
0108_0112_0304_0048_0048.jpg 1 112 304 48 48
0109_0248_0069_0244_0244.jpg 1 248 69 244 244
0110_0269_0275_0097_0097.jpg 1 269 275 97 97
0111_0472_0212_0032_0032.jpg 1 472 212 32 32
0112_0106_0341_0182_0182.jpg 1 106 341 182 182
0113_0405_0084_0127_0127.jpg 1 405 84 127 127
0114_0083_0076_0246_0246.jpg 1 83 76 246 246
0115_0176_0384_0125_0125.jpg 1 176 384 125 125
0116_0221_0081_0237_0237.jpg 1 221 81 237 237
0117_0114_0194_0044_0044.jpg 1 114 194 44 44
0118_0260_0188_0124_0124.jpg 1 260 188 124 124
0119_0097_0110_0223_0223.jpg 1 97 110 223 223
0120_0050_0195_0229_0229.jpg 1 50 195 229 229
0121_0092_0179_0188_0188.jpg 1 92 179 188 188
0122_0067_0152_0246_0246.jpg 1 67 152 246 246
0123_0282_0124_0228_0228.jpg 1 282 124 228 228
0124_0216_0055_0092_0092.jpg 1 216 55 92 92
0125_0208_0032_0172_0172.jpg 1 208 32 172 172
0126_0284_0322_0053_0053.jpg 1 284 322 53 53
0127_0235_0227_0117_0117.jpg 1 235 227 117 117
0128_0128_0196_0159_0159.jpg 1 128 196 159 159
0129_0278_0413_0107_0107.jpg 1 278 413 107 107
0130_0342_0047_0123_0123.jpg 1 342 47 123 123
0131_0079_0133_0273_0273.jpg 1 79 133 273 273
0132_0271_0143_0137_0137.jpg 1 271 143 137 137
0133_0390_0289_0110_0110.jpg 1 390 289 110 110
0134_0323_0119_0160_0160.jpg 1 323 119 160 160
0135_0464_0245_0046_0046.jpg 1 464 245 46 46
0136_0415_0250_0075_0075.jpg 1 415 250 75 75
0137_0418_0116_0075_0075.jpg 1 418 116 75 75
0138_0272_0139_0085_0085.jpg 1 272 139 85 85
0139_0373_0184_0151_0151.jpg 1 373 184 151 151
0140_0070_0300_0048_0048.jpg 1 70 300 48 48
0141_0218_0099_0149_0149.jpg 1 218 99 149 149
0142_0330_0034_0220_0220.jpg 1 330 34 220 220
0143_0250_0219_0073_0073.jpg 1 250 219 73 73
0144_0275_0086_0109_0109.jpg 1 275 86 109 109
0145_0199_0156_0158_0158.jpg 1 199 156 158 158
0146_0174_0041_0287_0287.jpg 1 174 41 287 287
0147_0215_0133_0278_0278.jpg 1 215 133 278 278
0148_0143_0097_0174_0174.jpg 1 143 97 174 174
0149_0309_0243_0124_0124.jpg 1 309 243 124 124
0150_0090_0186_0094_0094.jpg 1 90 186 94 94
0151_0267_0386_0087_0087.jpg 1 267 386 87 87
0152_0064_0043_0207_0207.jpg 1 64 43 207 207
0153_0217_0124_0141_0141.jpg 1 217 124 141 141
0154_0235_0043_0264_0264.jpg 1 235 43 264 264
0155_0210_0253_0209_0209.jpg 1 210 253 209 209
0156_0089_0189_0234_0234.jpg 1 89 189 234 234
0157_0098_0066_0223_0223.jpg 1 98 66 223 223
0158_0156_0025_0272_0272.jpg 1 156 25 272 272
0159_0374_0274_0133_0133.jpg 1 374 274 133 133
0160_0142_0200_0121_0121.jpg 1 142 200 121 121
0161_0122_0149_0042_0042.jpg 1 122 149 42 42
0162_0118_0211_0041_0041.jpg 1 118 211 41 41
0163_0290_0105_0231_0231.jpg 1 290 105 231 231
0164_0079_0044_0203_0203.jpg 1 79 44 203 203
0165_0051_0340_0176_0176.jpg 1 51 340 176 176
0166_0374_0089_0088_0088.jpg 1 374 89 88 88
0167_0240_0277_0047_0047.jpg 1 240 277 47 47
0168_0139_0171_0053_0053.jpg 1 139 171 53 53
0169_0340_0215_0032_0032.jpg 1 340 215 32 32
0170_0096_0027_0215_0215.jpg 1 96 27 215 215
0171_0191_0046_0202_0202.jpg 1 191 46 202 202
0172_0325_0185_0086_0086.jpg 1 325 185 86 86
0173_0029_0073_0233_0233.jpg 1 29 73 233 233
0174_0301_0254_0067_0067.jpg 1 301 254 67 67
0175_0100_0111_0289_0289.jpg 1 100 111 289 289
0176_0091_0121_0081_0081.jpg 1 91 121 81 81
0177_0415_0123_0080_0080.jpg 1 415 123 80 80
0178_0403_0209_0107_0107.jpg 1 403 209 107 107
0179_0075_0246_0184_0184.jpg 1 75 246 184 184
0180_0061_0329_0045_0045.jpg 1 61 329 45 45
0181_0370_0122_0115_0115.jpg 1 370 122 115 115
0182_0091_0080_0297_0297.jpg 1 91 80 297 297
0183_0208_0168_0032_0032.jpg 1 208 168 32 32
0184_0085_0083_0130_0130.jpg 1 85 83 130 130
0185_0119_0152_0190_0190.jpg 1 119 152 190 190
0186_0065_0122_0123_0123.jpg 1 65 122 123 123
0187_0196_0155_0192_0192.jpg 1 196 155 192 192
0188_0091_0136_0236_0236.jpg 1 91 136 236 236
0189_0141_0216_0097_0097.jpg 1 141 216 97 97
0190_0144_0317_0064_0064.jpg 1 144 317 64 64
0191_0248_0180_0235_0235.jpg 1 248 180 235 235
0192_0229_0089_0100_0100.jpg 1 229 89 100 100
0193_0130_0041_0280_0280.jpg 1 130 41 280 280
0194_0188_0080_0297_0297.jpg 1 188 80 297 297
0195_0101_0143_0059_0059.jpg 1 101 143 59 59
0196_0266_0142_0269_0269.jpg 1 266 142 269 269
0197_0108_0078_0116_0116.jpg 1 108 78 116 116
0198_0319_0237_0162_0162.jpg 1 319 237 162 162
0199_0335_0163_0162_0162.jpg 1 335 163 162 162
0200_0069_0065_0230_0230.jpg 1 69 65 230 230
0201_0187_0126_0185_0185.jpg 1 187 126 185 185
0202_0150_0186_0156_0156.jpg 1 150 186 156 156
0203_0049_0205_0297_0297.jpg 1 49 205 297 297
0204_0152_0079_0203_0203.jpg 1 152 79 203 203
0205_0130_0189_0146_0146.jpg 1 130 189 146 146
0206_0057_0069_0275_0275.jpg 1 57 69 275 275
0207_0267_0072_0229_0229.jpg 1 267 72 229 229
0208_0064_0121_0259_0259.jpg 1 64 121 259 259
0209_0156_0129_0293_0293.jpg 1 156 129 293 293
0210_0196_0185_0050_0050.jpg 1 196 185 50 50
0211_0291_0056_0041_0041.jpg 1 291 56 41 41
0212_0219_0171_0235_0235.jpg 1 219 171 235 235
0213_0207_0110_0032_0032.jpg 1 207 110 32 32
0214_0155_0091_0278_0278.jpg 1 155 91 278 278
0215_0311_0192_0147_0147.jpg 1 311 192 147 147
0216_0183_0188_0149_0149.jpg 1 183 188 149 149
0217_0334_0252_0157_0157.jpg 1 334 252 157 157
0218_0286_0059_0222_0222.jpg 1 286 59 222 222
0219_0364_0256_0092_0092.jpg 1 364 256 92 92
0220_0176_0239_0127_0127.jpg 1 176 239 127 127
0221_0227_0144_0090_0090.jpg 1 227 144 90 90
0222_0369_0039_0169_0169.jpg 1 369 39 169 169
0223_0073_0141_0040_0040.jpg 1 73 141 40 40
0224_0290_0169_0208_0208.jpg 1 290 169 208 208
0225_0051_0178_0181_0181.jpg 1 51 178 181 181
0226_0134_0152_0200_0200.jpg 1 134 152 200 200
0227_0357_0189_0135_0135.jpg 1 357 189 135 135
0228_0112_0295_0085_0085.jpg 1 112 295 85 85
0229_0169_0047_0283_0283.jpg 1 169 47 283 283
0230_0270_0150_0282_0282.jpg 1 270 150 282 282
0231_0159_0129_0257_0257.jpg 1 159 129 257 257
0232_0072_0321_0202_0202.jpg 1 72 321 202 202
0233_0073_0146_0173_0173.jpg 1 73 146 173 173
0234_0234_0032_0220_0220.jpg 1 234 32 220 220
0235_0145_0036_0243_0243.jpg 1 145 36 243 243
0236_0287_0306_0039_0039.jpg 1 287 306 39 39
0237_0124_0060_0117_0117.jpg 1 124 60 117 117
0238_0149_0267_0270_0270.jpg 1 149 267 270 270
0239_0099_0119_0297_0297.jpg 1 99 119 297 297
0240_0388_0259_0108_0108.jpg 1 388 259 108 108
0241_0342_0250_0160_0160.jpg 1 342 250 160 160
0242_0126_0213_0147_0147.jpg 1 126 213 147 147
0243_0127_0037_0253_0253.jpg 1 127 37 253 253
0244_0149_0247_0276_0276.jpg 1 149 247 276 276
0245_0175_0138_0183_0183.jpg 1 175 138 183 183
0246_0287_0192_0124_0124.jpg 1 287 192 124 124
0247_0134_0087_0294_0294.jpg 1 134 87 294 294
0248_0201_0159_0107_0107.jpg 1 201 159 107 107
0249_0275_0112_0091_0091.jpg 1 275 112 91 91
0250_0102_0086_0171_0171.jpg 1 102 86 171 171
0251_0128_0121_0242_0242.jpg 1 128 121 242 242
0252_0322_0126_0205_0205.jpg 1 322 126 205 205
0253_0095_0064_0129_0129.jpg 1 95 64 129 129
0254_0087_0118_0068_0068.jpg 1 87 118 68 68
0255_0091_0072_0282_0282.jpg 1 91 72 282 282
0256_0181_0110_0183_0183.jpg 1 181 110 183 183
0257_0060_0045_0203_0203.jpg 1 60 45 203 203
0258_0334_0229_0034_0034.jpg 1 334 229 34 34
0259_0202_0089_0099_0099.jpg 1 202 89 99 99
0260_0132_0098_0294_0294.jpg 1 132 98 294 294
0261_0198_0037_0227_0227.jpg 1 198 37 227 227
0262_0154_0150_0041_0041.jpg 1 154 150 41 41
0263_0037_0151_0271_0271.jpg 1 37 151 271 271
0264_0302_0216_0128_0128.jpg 1 302 216 128 128
0265_0174_0207_0204_0204.jpg 1 174 207 204 204
0266_0484_0126_0029_0029.jpg 1 484 126 29 29
0267_0065_0076_0291_0291.jpg 1 65 76 291 291
0268_0087_0272_0162_0162.jpg 1 87 272 162 162
0269_0440_0111_0076_0076.jpg 1 440 111 76 76
0270_0112_0047_0162_0162.jpg 1 112 47 162 162
0271_0331_0044_0205_0205.jpg 1 331 44 205 205
0272_0056_0105_0160_0160.jpg 1 56 105 160 160
0273_0154_0240_0060_0060.jpg 1 154 240 60 60
0274_0226_0107_0060_0060.jpg 1 226 107 60 60
0275_0284_0299_0086_0086.jpg 1 284 299 86 86
0276_0265_0178_0134_0134.jpg 1 265 178 134 134
0277_0110_0210_0133_0133.jpg 1 110 210 133 133
0278_0203_0048_0107_0107.jpg 1 203 48 107 107
0279_0246_0329_0126_0126.jpg 1 246 329 126 126
0280_0223_0066_0278_0278.jpg 1 223 66 278 278
0281_0234_0027_0233_0233.jpg 1 234 27 233 233
0282_0206_0110_0269_0269.jpg 1 206 110 269 269
0283_0053_0171_0242_0242.jpg 1 53 171 242 242
0284_0295_0188_0067_0067.jpg 1 295 188 67 67
0285_0189_0093_0238_0238.jpg 1 189 93 238 238
0286_0241_0077_0239_0239.jpg 1 241 77 239 239
0287_0110_0111_0038_0038.jpg 1 110 111 38 38
0288_0079_0084_0250_0250.jpg 1 79 84 250 250
0289_0201_0221_0111_0111.jpg 1 201 221 111 111
0290_0191_0106_0159_0159.jpg 1 191 106 159 159
0291_0070_0053_0195_0195.jpg 1 70 53 195 195
0292_0100_0224_0284_0284.jpg 1 100 224 284 284
0293_0124_0088_0177_0177.jpg 1 124 88 177 177
0294_0124_0302_0100_0100.jpg 1 124 302 100 100
0295_0089_0216_0203_0203.jpg 1 89 216 203 203
0296_0062_0122_0095_0095.jpg 1 62 122 95 95
0297_0205_0202_0179_0179.jpg 1 205 202 179 179
0298_0303_0162_0259_0259.jpg 1 303 162 259 259
0299_0102_0198_0292_0292.jpg 1 102 198 292 292
0300_0127_0164_0160_0160.jpg 1 127 164 160 160
0301_0140_0069_0068_0068.jpg 1 140 69 68 68
0302_0123_0283_0198_0198.jpg 1 123 283 198 198
0303_0276_0176_0061_0061.jpg 1 276 176 61 61
0304_0259_0137_0282_0282.jpg 1 259 137 282 282
0305_0192_0042_0270_0270.jpg 1 192 42 270 270
0306_0175_0100_0213_0213.jpg 1 175 100 213 213
0307_0415_0085_0042_0042.jpg 1 415 85 42 42
0308_0305_0041_0112_0112.jpg 1 305 41 112 112
0309_0256_0170_0249_0249.jpg 1 256 170 249 249
0310_0065_0263_0148_0148.jpg 1 65 263 148 148
0311_0149_0059_0141_0141.jpg 1 149 59 141 141
0312_0136_0042_0127_0127.jpg 1 136 42 127 127
0313_0267_0135_0279_0279.jpg 1 267 135 279 279
0314_0269_0136_0126_0126.jpg 1 269 136 126 126
0315_0356_0177_0184_0184.jpg 1 356 177 184 184
0316_0074_0181_0218_0218.jpg 1 74 181 218 218
0317_0411_0278_0066_0066.jpg 1 411 278 66 66
0318_0256_0081_0287_0287.jpg 1 256 81 287 287
0319_0342_0096_0200_0200.jpg 1 342 96 200 200
0320_0130_0039_0295_0295.jpg 1 130 39 295 295
0321_0102_0128_0284_0284.jpg 1 102 128 284 284
0322_0083_0039_0208_0208.jpg 1 83 39 208 208
0323_0132_0305_0225_0225.jpg 1 132 305 225 225
0324_0291_0029_0273_0273.jpg 1 291 29 273 273
0325_0201_0096_0098_0098.jpg 1 201 96 98 98
0326_0058_0270_0132_0132.jpg 1 58 270 132 132
0327_0113_0092_0173_0173.jpg 1 113 92 173 173
0328_0104_0075_0087_0087.jpg 1 104 75 87 87
0329_0063_0122_0068_0068.jpg 1 63 122 68 68
0330_0195_0052_0238_0238.jpg 1 195 52 238 238
0331_0171_0250_0095_0095.jpg 1 171 250 95 95
0332_0170_0041_0071_0071.jpg 1 170 41 71 71
0333_0145_0093_0243_0243.jpg 1 145 93 243 243
0334_0378_0260_0055_0055.jpg 1 378 260 55 55
0335_0189_0142_0288_0288.jpg 1 189 142 288 288
0336_0270_0158_0105_0105.jpg 1 270 158 105 105
0337_0341_0222_0078_0078.jpg 1 341 222 78 78
0338_0374_0092_0113_0113.jpg 1 374 92 113 113
0339_0234_0313_0121_0121.jpg 1 234 313 121 121
0340_0185_0170_0235_0235.jpg 1 185 170 235 235
0341_0325_0183_0230_0230.jpg 1 325 183 230 230
0342_0394_0238_0095_0095.jpg 1 394 238 95 95
0343_0294_0245_0111_0111.jpg 1 294 245 111 111
0344_0296_0057_0111_0111.jpg 1 296 57 111 111
0345_0145_0055_0128_0128.jpg 1 145 55 128 128
0346_0160_0045_0221_0221.jpg 1 160 45 221 221
0347_0466_0315_0048_0048.jpg 1 466 315 48 48
0348_0153_0112_0189_0189.jpg 1 153 112 189 189
0349_0258_0132_0295_0295.jpg 1 258 132 295 295
0350_0269_0192_0231_0231.jpg 1 269 192 231 231
0351_0042_0102_0250_0250.jpg 1 42 102 250 250
0352_0110_0096_0262_0262.jpg 1 110 96 262 262
0353_0094_0178_0125_0125.jpg 1 94 178 125 125
0354_0063_0135_0177_0177.jpg 1 63 135 177 177
0355_0196_0059_0201_0201.jpg 1 196 59 201 201
0356_0417_0313_0051_0051.jpg 1 417 313 51 51
0357_0380_0260_0056_0056.jpg 1 380 260 56 56
0358_0080_0050_0249_0249.jpg 1 80 50 249 249
0359_0334_0316_0057_0057.jpg 1 334 316 57 57
0360_0400_0130_0086_0086.jpg 1 400 130 86 86
0361_0086_0342_0100_0100.jpg 1 86 342 100 100
0362_0257_0250_0156_0156.jpg 1 257 250 156 156
0363_0141_0218_0222_0222.jpg 1 141 218 222 222
0364_0314_0189_0242_0242.jpg 1 314 189 242 242
0365_0304_0185_0102_0102.jpg 1 304 185 102 102
0366_0052_0163_0257_0257.jpg 1 52 163 257 257
0367_0199_0175_0125_0125.jpg 1 199 175 125 125
0368_0078_0250_0268_0268.jpg 1 78 250 268 268
0369_0200_0073_0215_0215.jpg 1 200 73 215 215
0370_0214_0206_0134_0134.jpg 1 214 206 134 134
0371_0286_0171_0195_0195.jpg 1 286 171 195 195
0372_0381_0044_0028_0028.jpg 1 381 44 28 28
0373_0134_0090_0270_0270.jpg 1 134 90 270 270
0374_0161_0163_0158_0158.jpg 1 161 163 158 158
0375_0076_0151_0175_0175.jpg 1 76 151 175 175
0376_0103_0039_0269_0269.jpg 1 103 39 269 269
0377_0070_0129_0058_0058.jpg 1 70 129 58 58
0378_0119_0275_0046_0046.jpg 1 119 275 46 46
0379_0247_0099_0252_0252.jpg 1 247 99 252 252
0380_0104_0104_0091_0091.jpg 1 104 104 91 91
0381_0203_0281_0072_0072.jpg 1 203 281 72 72
0382_0269_0170_0085_0085.jpg 1 269 170 85 85
0383_0078_0207_0066_0066.jpg 1 78 207 66 66
0384_0263_0030_0245_0245.jpg 1 263 30 245 245
0385_0028_0282_0161_0161.jpg 1 28 282 161 161
0386_0223_0052_0059_0059.jpg 1 223 52 59 59
0387_0128_0054_0236_0236.jpg 1 128 54 236 236
0388_0213_0089_0086_0086.jpg 1 213 89 86 86
0389_0234_0440_0057_0057.jpg 1 234 440 57 57
0390_0346_0054_0199_0199.jpg 1 346 54 199 199
0391_0180_0159_0273_0273.jpg 1 180 159 273 273
0392_0357_0150_0183_0183.jpg 1 357 150 183 183
0393_0144_0368_0118_0118.jpg 1 144 368 118 118
0394_0165_0280_0235_0235.jpg 1 165 280 235 235
0395_0158_0105_0275_0275.jpg 1 158 105 275 275
0396_0139_0101_0117_0117.jpg 1 139 101 117 117
0397_0249_0038_0259_0259.jpg 1 249 38 259 259
0398_0084_0354_0125_0125.jpg 1 84 354 125 125
0399_0246_0059_0195_0195.jpg 1 246 59 195 195
0400_0254_0144_0157_0157.jpg 1 254 144 157 157
0401_0308_0184_0045_0045.jpg 1 308 184 45 45
0402_0317_0175_0185_0185.jpg 1 317 175 185 185
0403_0190_0074_0284_0284.jpg 1 190 74 284 284
0404_0056_0124_0279_0279.jpg 1 56 124 279 279
0405_0071_0044_0190_0190.jpg 1 71 44 190 190
0406_0129_0042_0166_0166.jpg 1 129 42 166 166
0407_0310_0153_0070_0070.jpg 1 310 153 70 70
0408_0142_0143_0205_0205.jpg 1 142 143 205 205
0409_0278_0254_0024_0024.jpg 1 278 254 24 24
0410_0172_0098_0287_0287.jpg 1 172 98 287 287
0411_0355_0233_0140_0140.jpg 1 355 233 140 140
0412_0135_0146_0083_0083.jpg 1 135 146 83 83
0413_0119_0022_0284_0284.jpg 1 119 22 284 284
0414_0102_0152_0082_0082.jpg 1 102 152 82 82
0415_0272_0322_0042_0042.jpg 1 272 322 42 42
0416_0165_0220_0042_0042.jpg 1 165 220 42 42
0417_0271_0135_0088_0088.jpg 1 271 135 88 88
0418_0214_0143_0103_0103.jpg 1 214 143 103 103
0419_0227_0163_0185_0185.jpg 1 227 163 185 185
0420_0112_0281_0185_0185.jpg 1 112 281 185 185
0421_0204_0093_0285_0285.jpg 1 204 93 285 285
0422_0112_0116_0163_0163.jpg 1 112 116 163 163
0423_0117_0088_0286_0286.jpg 1 117 88 286 286
0424_0157_0241_0088_0088.jpg 1 157 241 88 88
0425_0288_0212_0089_0089.jpg 1 288 212 89 89
0426_0142_0152_0140_0140.jpg 1 142 152 140 140
0427_0320_0128_0188_0188.jpg 1 320 128 188 188
0428_0267_0235_0117_0117.jpg 1 267 235 117 117
0429_0080_0061_0222_0222.jpg 1 80 61 222 222
0430_0148_0146_0083_0083.jpg 1 148 146 83 83
0431_0397_0185_0081_0081.jpg 1 397 185 81 81
0432_0405_0095_0053_0053.jpg 1 405 95 53 53
0433_0071_0024_0265_0265.jpg 1 71 24 265 265
0434_0213_0077_0101_0101.jpg 1 213 77 101 101
0435_0068_0222_0096_0096.jpg 1 68 222 96 96
0436_0173_0235_0103_0103.jpg 1 173 235 103 103
0437_0072_0089_0280_0280.jpg 1 72 89 280 280
0438_0231_0048_0231_0231.jpg 1 231 48 231 231
0439_0354_0131_0069_0069.jpg 1 354 131 69 69
0440_0329_0152_0078_0078.jpg 1 329 152 78 78
0441_0111_0129_0051_0051.jpg 1 111 129 51 51
0442_0113_0147_0234_0234.jpg 1 113 147 234 234
0443_0256_0133_0059_0059.jpg 1 256 133 59 59
0444_0324_0177_0227_0227.jpg 1 324 177 227 227
0445_0075_0309_0059_0059.jpg 1 75 309 59 59
0446_0294_0285_0075_0075.jpg 1 294 285 75 75
0447_0088_0161_0047_0047.jpg 1 88 161 47 47
0448_0212_0108_0241_0241.jpg 1 212 108 241 241
0449_0128_0132_0283_0283.jpg 1 128 132 283 283
0450_0166_0045_0192_0192.jpg 1 166 45 192 192
0451_0233_0210_0134_0134.jpg 1 233 210 134 134
0452_0383_0227_0131_0131.jpg 1 383 227 131 131
0453_0082_0108_0157_0157.jpg 1 82 108 157 157
0454_0167_0092_0137_0137.jpg 1 167 92 137 137
0455_0046_0152_0220_0220.jpg 1 46 152 220 220
0456_0314_0122_0181_0181.jpg 1 314 122 181 181
0457_0044_0057_0284_0284.jpg 1 44 57 284 284
0458_0265_0024_0240_0240.jpg 1 265 24 240 240
0459_0132_0046_0167_0167.jpg 1 132 46 167 167
0460_0236_0157_0181_0181.jpg 1 236 157 181 181
0461_0272_0233_0034_0034.jpg 1 272 233 34 34
0462_0058_0364_0042_0042.jpg 1 58 364 42 42
0463_0101_0269_0270_0270.jpg 1 101 269 270 270
0464_0237_0028_0256_0256.jpg 1 237 28 256 256
0465_0119_0148_0243_0243.jpg 1 119 148 243 243
0466_0071_0078_0281_0281.jpg 1 71 78 281 281
0467_0114_0114_0193_0193.jpg 1 114 114 193 193
0468_0297_0145_0100_0100.jpg 1 297 145 100 100
0469_0296_0058_0115_0115.jpg 1 296 58 115 115
0470_0155_0325_0211_0211.jpg 1 155 325 211 211
0471_0244_0108_0239_0239.jpg 1 244 108 239 239
0472_0398_0279_0068_0068.jpg 1 398 279 68 68
0473_0216_0070_0176_0176.jpg 1 216 70 176 176
0474_0333_0152_0121_0121.jpg 1 333 152 121 121
0475_0133_0173_0150_0150.jpg 1 133 173 150 150
0476_0226_0118_0282_0282.jpg 1 226 118 282 282
0477_0053_0220_0094_0094.jpg 1 53 220 94 94
0478_0332_0226_0049_0049.jpg 1 332 226 49 49
0479_0039_0169_0207_0207.jpg 1 39 169 207 207
0480_0146_0043_0281_0281.jpg 1 146 43 281 281
0481_0292_0127_0080_0080.jpg 1 292 127 80 80
0482_0384_0117_0088_0088.jpg 1 384 117 88 88
0483_0092_0055_0048_0048.jpg 1 92 55 48 48
0484_0320_0156_0090_0090.jpg 1 320 156 90 90
0485_0320_0141_0031_0031.jpg 1 320 141 31 31
0486_0273_0167_0138_0138.jpg 1 273 167 138 138
0487_0136_0272_0104_0104.jpg 1 136 272 104 104
0488_0315_0096_0049_0049.jpg 1 315 96 49 49
0489_0104_0102_0165_0165.jpg 1 104 102 165 165
0490_0258_0087_0080_0080.jpg 1 258 87 80 80
0491_0077_0186_0132_0132.jpg 1 77 186 132 132
0492_0073_0307_0033_0033.jpg 1 73 307 33 33
0493_0273_0304_0075_0075.jpg 1 273 304 75 75
0494_0068_0052_0236_0236.jpg 1 68 52 236 236
0495_0414_0188_0114_0114.jpg 1 414 188 114 114
0496_0306_0044_0221_0221.jpg 1 306 44 221 221
0497_0059_0236_0179_0179.jpg 1 59 236 179 179
0498_0206_0228_0211_0211.jpg 1 206 228 211 211
0499_0384_0209_0062_0062.jpg 1 384 209 62 62
0500_0305_0123_0158_0158.jpg 1 305 123 158 158
0501_0227_0175_0031_0031.jpg 1 227 175 31 31
0502_0153_0223_0124_0124.jpg 1 153 223 124 124
0503_0191_0145_0149_0149.jpg 1 191 145 149 149
0504_0408_0211_0123_0123.jpg 1 408 211 123 123
0505_0071_0063_0071_0071.jpg 1 71 63 71 71
0506_0095_0248_0035_0035.jpg 1 95 248 35 35
0507_0254_0157_0221_0221.jpg 1 254 157 221 221
0508_0165_0062_0224_0224.jpg 1 165 62 224 224
0509_0209_0144_0060_0060.jpg 1 209 144 60 60
0510_0275_0112_0183_0183.jpg 1 275 112 183 183
0511_0059_0113_0109_0109.jpg 1 59 113 109 109
0512_0369_0271_0102_0102.jpg 1 369 271 102 102
0513_0390_0119_0105_0105.jpg 1 390 119 105 105
0514_0265_0053_0196_0196.jpg 1 265 53 196 196
0515_0192_0145_0052_0052.jpg 1 192 145 52 52
0516_0120_0055_0267_0267.jpg 1 120 55 267 267
0517_0149_0139_0140_0140.jpg 1 149 139 140 140
0518_0112_0104_0232_0232.jpg 1 112 104 232 232
0519_0071_0107_0237_0237.jpg 1 71 107 237 237
0520_0182_0153_0097_0097.jpg 1 182 153 97 97
0521_0112_0101_0188_0188.jpg 1 112 101 188 188
0522_0240_0077_0271_0271.jpg 1 240 77 271 271
0523_0226_0252_0143_0143.jpg 1 226 252 143 143
0524_0273_0065_0191_0191.jpg 1 273 65 191 191
0525_0046_0151_0247_0247.jpg 1 46 151 247 247
0526_0426_0192_0099_0099.jpg 1 426 192 99 99
0527_0277_0074_0289_0289.jpg 1 277 74 289 289
0528_0306_0119_0212_0212.jpg 1 306 119 212 212
0529_0287_0242_0111_0111.jpg 1 287 242 111 111
0530_0083_0102_0195_0195.jpg 1 83 102 195 195
0531_0355_0253_0042_0042.jpg 1 355 253 42 42
0532_0032_0305_0214_0214.jpg 1 32 305 214 214
0533_0045_0165_0177_0177.jpg 1 45 165 177 177
0534_0387_0040_0087_0087.jpg 1 387 40 87 87
0535_0066_0122_0177_0177.jpg 1 66 122 177 177
0536_0211_0147_0233_0233.jpg 1 211 147 233 233
0537_0092_0051_0250_0250.jpg 1 92 51 250 250
0538_0323_0146_0207_0207.jpg 1 323 146 207 207
0539_0150_0234_0179_0179.jpg 1 150 234 179 179
0540_0325_0047_0231_0231.jpg 1 325 47 231 231
0541_0254_0058_0285_0285.jpg 1 254 58 285 285
0542_0241_0260_0043_0043.jpg 1 241 260 43 43
0543_0390_0077_0110_0110.jpg 1 390 77 110 110
0544_0152_0162_0199_0199.jpg 1 152 162 199 199
0545_0254_0038_0297_0297.jpg 1 254 38 297 297
0546_0174_0044_0242_0242.jpg 1 174 44 242 242
0547_0377_0063_0159_0159.jpg 1 377 63 159 159
0548_0085_0185_0158_0158.jpg 1 85 185 158 158
0549_0092_0074_0271_0271.jpg 1 92 74 271 271
0550_0160_0256_0180_0180.jpg 1 160 256 180 180
0551_0116_0205_0206_0206.jpg 1 116 205 206 206
0552_0219_0073_0122_0122.jpg 1 219 73 122 122
0553_0400_0183_0028_0028.jpg 1 400 183 28 28
0554_0158_0254_0227_0227.jpg 1 158 254 227 227
0555_0128_0238_0171_0171.jpg 1 128 238 171 171
0556_0241_0172_0094_0094.jpg 1 241 172 94 94
0557_0213_0142_0198_0198.jpg 1 213 142 198 198
0558_0200_0075_0219_0219.jpg 1 200 75 219 219
0559_0294_0114_0068_0068.jpg 1 294 114 68 68
0560_0170_0156_0172_0172.jpg 1 170 156 172 172
0561_0223_0098_0100_0100.jpg 1 223 98 100 100
0562_0086_0137_0093_0093.jpg 1 86 137 93 93
0563_0043_0039_0261_0261.jpg 1 43 39 261 261
0564_0379_0080_0055_0055.jpg 1 379 80 55 55
0565_0407_0217_0065_0065.jpg 1 407 217 65 65
0566_0195_0046_0259_0259.jpg 1 195 46 259 259
0567_0277_0088_0249_0249.jpg 1 277 88 249 249
0568_0268_0301_0029_0029.jpg 1 268 301 29 29
0569_0112_0105_0249_0249.jpg 1 112 105 249 249
0570_0178_0088_0194_0194.jpg 1 178 88 194 194
0571_0144_0072_0197_0197.jpg 1 144 72 197 197
0572_0340_0039_0199_0199.jpg 1 340 39 199 199
0573_0171_0041_0161_0161.jpg 1 171 41 161 161
0574_0239_0263_0179_0179.jpg 1 239 263 179 179
0575_0136_0226_0051_0051.jpg 1 136 226 51 51
0576_0168_0160_0193_0193.jpg 1 168 160 193 193
0577_0160_0112_0118_0118.jpg 1 160 112 118 118
0578_0178_0152_0134_0134.jpg 1 178 152 134 134
0579_0091_0091_0225_0225.jpg 1 91 91 225 225
0580_0336_0229_0116_0116.jpg 1 336 229 116 116
0581_0219_0191_0229_0229.jpg 1 219 191 229 229
0582_0222_0151_0146_0146.jpg 1 222 151 146 146
0583_0160_0209_0226_0226.jpg 1 160 209 226 226
0584_0302_0175_0209_0209.jpg 1 302 175 209 209
0585_0079_0248_0283_0283.jpg 1 79 248 283 283
0586_0152_0235_0234_0234.jpg 1 152 235 234 234
0587_0308_0069_0156_0156.jpg 1 308 69 156 156
0588_0172_0091_0068_0068.jpg 1 172 91 68 68
0589_0183_0263_0211_0211.jpg 1 183 263 211 211
0590_0145_0134_0061_0061.jpg 1 145 134 61 61
0591_0194_0089_0297_0297.jpg 1 194 89 297 297
0592_0057_0165_0266_0266.jpg 1 57 165 266 266
0593_0075_0023_0252_0252.jpg 1 75 23 252 252
0594_0070_0197_0167_0167.jpg 1 70 197 167 167
0595_0170_0085_0227_0227.jpg 1 170 85 227 227
0596_0276_0061_0156_0156.jpg 1 276 61 156 156
0597_0253_0237_0042_0042.jpg 1 253 237 42 42
0598_0082_0129_0297_0297.jpg 1 82 129 297 297
0599_0163_0139_0204_0204.jpg 1 163 139 204 204
0600_0357_0180_0062_0062.jpg 1 357 180 62 62
0601_0349_0046_0040_0040.jpg 1 349 46 40 40
0602_0254_0125_0268_0268.jpg 1 254 125 268 268
0603_0321_0165_0194_0194.jpg 1 321 165 194 194
0604_0298_0129_0235_0235.jpg 1 298 129 235 235
0605_0119_0053_0115_0115.jpg 1 119 53 115 115
0606_0137_0044_0168_0168.jpg 1 137 44 168 168
0607_0085_0271_0114_0114.jpg 1 85 271 114 114
0608_0159_0082_0284_0284.jpg 1 159 82 284 284
0609_0356_0240_0133_0133.jpg 1 356 240 133 133
0610_0271_0032_0296_0296.jpg 1 271 32 296 296
0611_0083_0237_0047_0047.jpg 1 83 237 47 47
0612_0180_0129_0266_0266.jpg 1 180 129 266 266
0613_0106_0334_0038_0038.jpg 1 106 334 38 38
0614_0124_0333_0164_0164.jpg 1 124 333 164 164
0615_0395_0086_0060_0060.jpg 1 395 86 60 60
0616_0266_0075_0130_0130.jpg 1 266 75 130 130
0617_0265_0127_0282_0282.jpg 1 265 127 282 282
0618_0232_0070_0098_0098.jpg 1 232 70 98 98
0619_0279_0078_0069_0069.jpg 1 279 78 69 69
0620_0363_0116_0151_0151.jpg 1 363 116 151 151
0621_0118_0129_0147_0147.jpg 1 118 129 147 147
0622_0098_0046_0235_0235.jpg 1 98 46 235 235
0623_0115_0255_0059_0059.jpg 1 115 255 59 59
0624_0120_0071_0256_0256.jpg 1 120 71 256 256
0625_0183_0125_0100_0100.jpg 1 183 125 100 100
0626_0076_0131_0060_0060.jpg 1 76 131 60 60
0627_0187_0105_0297_0297.jpg 1 187 105 297 297
0628_0263_0301_0043_0043.jpg 1 263 301 43 43
0629_0207_0088_0279_0279.jpg 1 207 88 279 279
0630_0125_0157_0196_0196.jpg 1 125 157 196 196
0631_0281_0300_0028_0028.jpg 1 281 300 28 28
0632_0346_0067_0150_0150.jpg 1 346 67 150 150
0633_0279_0111_0151_0151.jpg 1 279 111 151 151
0634_0068_0163_0155_0155.jpg 1 68 163 155 155
0635_0265_0236_0108_0108.jpg 1 265 236 108 108
0636_0219_0373_0147_0147.jpg 1 219 373 147 147
0637_0061_0073_0173_0173.jpg 1 61 73 173 173
0638_0186_0127_0190_0190.jpg 1 186 127 190 190
0639_0280_0047_0209_0209.jpg 1 280 47 209 209
0640_0184_0106_0265_0265.jpg 1 184 106 265 265
0641_0348_0296_0036_0036.jpg 1 348 296 36 36
0642_0160_0281_0049_0049.jpg 1 160 281 49 49
0643_0186_0047_0150_0150.jpg 1 186 47 150 150
0644_0103_0213_0089_0089.jpg 1 103 213 89 89
0645_0065_0413_0039_0039.jpg 1 65 413 39 39
0646_0436_0088_0073_0073.jpg 1 436 88 73 73
0647_0317_0114_0193_0193.jpg 1 317 114 193 193
0648_0071_0029_0206_0206.jpg 1 71 29 206 206
0649_0273_0031_0290_0290.jpg 1 273 31 290 290
0650_0200_0226_0165_0165.jpg 1 200 226 165 165
0651_0135_0106_0260_0260.jpg 1 135 106 260 260
0652_0082_0163_0163_0163.jpg 1 82 163 163 163
0653_0241_0115_0123_0123.jpg 1 241 115 123 123
0654_0080_0032_0186_0186.jpg 1 80 32 186 186
0655_0170_0348_0029_0029.jpg 1 170 348 29 29
0656_0084_0119_0213_0213.jpg 1 84 119 213 213
0657_0113_0319_0025_0025.jpg 1 113 319 25 25
0658_0329_0159_0204_0204.jpg 1 329 159 204 204
0659_0292_0183_0104_0104.jpg 1 292 183 104 104
0660_0299_0280_0087_0087.jpg 1 299 280 87 87
0661_0396_0098_0093_0093.jpg 1 396 98 93 93
0662_0100_0128_0244_0244.jpg 1 100 128 244 244
0663_0124_0136_0171_0171.jpg 1 124 136 171 171
0664_0095_0040_0092_0092.jpg 1 95 40 92 92
0665_0206_0179_0032_0032.jpg 1 206 179 32 32
0666_0325_0159_0182_0182.jpg 1 325 159 182 182
0667_0126_0130_0136_0136.jpg 1 126 130 136 136
0668_0165_0089_0286_0286.jpg 1 165 89 286 286
0669_0366_0207_0160_0160.jpg 1 366 207 160 160
0670_0166_0276_0179_0179.jpg 1 166 276 179 179
0671_0054_0043_0193_0193.jpg 1 54 43 193 193
0672_0088_0162_0197_0197.jpg 1 88 162 197 197
0673_0134_0257_0096_0096.jpg 1 134 257 96 96
0674_0058_0065_0101_0101.jpg 1 58 65 101 101
0675_0108_0132_0279_0279.jpg 1 108 132 279 279
0676_0428_0236_0058_0058.jpg 1 428 236 58 58
0677_0486_0223_0027_0027.jpg 1 486 223 27 27
0678_0041_0165_0255_0255.jpg 1 41 165 255 255
0679_0096_0110_0231_0231.jpg 1 96 110 231 231
0680_0303_0226_0196_0196.jpg 1 303 226 196 196
0681_0049_0034_0263_0263.jpg 1 49 34 263 263
0682_0082_0060_0242_0242.jpg 1 82 60 242 242
0683_0349_0206_0174_0174.jpg 1 349 206 174 174
0684_0062_0054_0239_0239.jpg 1 62 54 239 239
0685_0105_0028_0269_0269.jpg 1 105 28 269 269
0686_0075_0122_0285_0285.jpg 1 75 122 285 285
0687_0186_0108_0247_0247.jpg 1 186 108 247 247
0688_0119_0048_0228_0228.jpg 1 119 48 228 228
0689_0294_0145_0269_0269.jpg 1 294 145 269 269
0690_0257_0048_0260_0260.jpg 1 257 48 260 260
0691_0140_0169_0267_0267.jpg 1 140 169 267 267
0692_0261_0176_0031_0031.jpg 1 261 176 31 31
0693_0205_0119_0212_0212.jpg 1 205 119 212 212
0694_0316_0078_0069_0069.jpg 1 316 78 69 69
0695_0214_0121_0058_0058.jpg 1 214 121 58 58
0696_0080_0153_0113_0113.jpg 1 80 153 113 113
0697_0223_0165_0074_0074.jpg 1 223 165 74 74
0698_0448_0232_0058_0058.jpg 1 448 232 58 58
0699_0230_0027_0220_0220.jpg 1 230 27 220 220
0700_0319_0126_0239_0239.jpg 1 319 126 239 239
0701_0253_0032_0195_0195.jpg 1 253 32 195 195
0702_0220_0166_0233_0233.jpg 1 220 166 233 233
0703_0110_0069_0030_0030.jpg 1 110 69 30 30
0704_0353_0149_0070_0070.jpg 1 353 149 70 70
0705_0385_0239_0124_0124.jpg 1 385 239 124 124
0706_0259_0058_0115_0115.jpg 1 259 58 115 115
0707_0049_0078_0177_0177.jpg 1 49 78 177 177
0708_0297_0309_0061_0061.jpg 1 297 309 61 61
0709_0225_0206_0152_0152.jpg 1 225 206 152 152
0710_0167_0109_0245_0245.jpg 1 167 109 245 245
0711_0079_0087_0292_0292.jpg 1 79 87 292 292
0712_0247_0102_0271_0271.jpg 1 247 102 271 271
0713_0296_0124_0214_0214.jpg 1 296 124 214 214
0714_0417_0095_0034_0034.jpg 1 417 95 34 34
0715_0132_0107_0071_0071.jpg 1 132 107 71 71
0716_0144_0361_0170_0170.jpg 1 144 361 170 170
0717_0266_0068_0155_0155.jpg 1 266 68 155 155
0718_0241_0136_0250_0250.jpg 1 241 136 250 250
0719_0226_0132_0246_0246.jpg 1 226 132 246 246
0720_0281_0115_0159_0159.jpg 1 281 115 159 159
0721_0313_0092_0241_0241.jpg 1 313 92 241 241
0722_0098_0073_0166_0166.jpg 1 98 73 166 166
0723_0087_0092_0150_0150.jpg 1 87 92 150 150
0724_0078_0115_0213_0213.jpg 1 78 115 213 213
0725_0171_0235_0092_0092.jpg 1 171 235 92 92
0726_0279_0226_0178_0178.jpg 1 279 226 178 178
0727_0271_0205_0035_0035.jpg 1 271 205 35 35
0728_0228_0220_0159_0159.jpg 1 228 220 159 159
0729_0100_0230_0109_0109.jpg 1 100 230 109 109
0730_0131_0186_0100_0100.jpg 1 131 186 100 100
0731_0181_0063_0198_0198.jpg 1 181 63 198 198
0732_0120_0153_0266_0266.jpg 1 120 153 266 266
0733_0052_0190_0268_0268.jpg 1 52 190 268 268
0734_0185_0308_0219_0219.jpg 1 185 308 219 219
0735_0311_0048_0237_0237.jpg 1 311 48 237 237
0736_0075_0138_0140_0140.jpg 1 75 138 140 140
0737_0053_0161_0221_0221.jpg 1 53 161 221 221
0738_0344_0240_0143_0143.jpg 1 344 240 143 143
0739_0319_0135_0124_0124.jpg 1 319 135 124 124
0740_0158_0112_0264_0264.jpg 1 158 112 264 264
0741_0103_0215_0285_0285.jpg 1 103 215 285 285
0742_0079_0048_0284_0284.jpg 1 79 48 284 284
0743_0202_0157_0243_0243.jpg 1 202 157 243 243
0744_0157_0084_0195_0195.jpg 1 157 84 195 195
0745_0189_0096_0041_0041.jpg 1 189 96 41 41
0746_0272_0168_0179_0179.jpg 1 272 168 179 179
0747_0071_0226_0175_0175.jpg 1 71 226 175 175
0748_0102_0048_0188_0188.jpg 1 102 48 188 188
0749_0297_0167_0257_0257.jpg 1 297 167 257 257
0750_0077_0116_0290_0290.jpg 1 77 116 290 290
0751_0218_0217_0030_0030.jpg 1 218 217 30 30
0752_0204_0150_0270_0270.jpg 1 204 150 270 270
0753_0113_0156_0035_0035.jpg 1 113 156 35 35
0754_0176_0202_0146_0146.jpg 1 176 202 146 146
0755_0108_0152_0164_0164.jpg 1 108 152 164 164
0756_0283_0108_0152_0152.jpg 1 283 108 152 152
0757_0218_0153_0200_0200.jpg 1 218 153 200 200
0758_0270_0207_0215_0215.jpg 1 270 207 215 215
0759_0181_0117_0283_0283.jpg 1 181 117 283 283
0760_0094_0058_0230_0230.jpg 1 94 58 230 230
0761_0187_0400_0064_0064.jpg 1 187 400 64 64
0762_0252_0053_0029_0029.jpg 1 252 53 29 29
0763_0200_0143_0047_0047.jpg 1 200 143 47 47
0764_0276_0076_0145_0145.jpg 1 276 76 145 145
0765_0167_0136_0202_0202.jpg 1 167 136 202 202
0766_0139_0134_0100_0100.jpg 1 139 134 100 100
0767_0385_0342_0045_0045.jpg 1 385 342 45 45
0768_0131_0105_0188_0188.jpg 1 131 105 188 188
0769_0069_0023_0248_0248.jpg 1 69 23 248 248
0770_0267_0187_0148_0148.jpg 1 267 187 148 148
0771_0182_0043_0208_0208.jpg 1 182 43 208 208
0772_0484_0162_0033_0033.jpg 1 484 162 33 33
0773_0255_0270_0092_0092.jpg 1 255 270 92 92
0774_0260_0088_0266_0266.jpg 1 260 88 266 266
0775_0268_0165_0256_0256.jpg 1 268 165 256 256
0776_0070_0162_0116_0116.jpg 1 70 162 116 116
0777_0459_0170_0047_0047.jpg 1 459 170 47 47
0778_0057_0121_0152_0152.jpg 1 57 121 152 152
0779_0429_0230_0071_0071.jpg 1 429 230 71 71
0780_0090_0359_0140_0140.jpg 1 90 359 140 140
0781_0259_0158_0178_0178.jpg 1 259 158 178 178
0782_0132_0137_0179_0179.jpg 1 132 137 179 179
0783_0104_0154_0279_0279.jpg 1 104 154 279 279
0784_0109_0222_0199_0199.jpg 1 109 222 199 199
0785_0034_0266_0174_0174.jpg 1 34 266 174 174
0786_0364_0113_0167_0167.jpg 1 364 113 167 167
0787_0120_0219_0240_0240.jpg 1 120 219 240 240
0788_0274_0026_0216_0216.jpg 1 274 26 216 216
0789_0202_0132_0241_0241.jpg 1 202 132 241 241
0790_0040_0067_0238_0238.jpg 1 40 67 238 238
0791_0183_0043_0077_0077.jpg 1 183 43 77 77
0792_0262_0224_0108_0108.jpg 1 262 224 108 108
0793_0270_0135_0093_0093.jpg 1 270 135 93 93
0794_0359_0280_0081_0081.jpg 1 359 280 81 81
0795_0084_0256_0289_0289.jpg 1 84 256 289 289
0796_0405_0142_0057_0057.jpg 1 405 142 57 57
0797_0322_0042_0169_0169.jpg 1 322 42 169 169
0798_0129_0302_0066_0066.jpg 1 129 302 66 66
0799_0434_0207_0025_0025.jpg 1 434 207 25 25
0800_0274_0144_0239_0239.jpg 1 274 144 239 239
0801_0309_0285_0082_0082.jpg 1 309 285 82 82
0802_0141_0319_0215_0215.jpg 1 141 319 215 215
0803_0059_0043_0248_0248.jpg 1 59 43 248 248
0804_0047_0269_0158_0158.jpg 1 47 269 158 158
0805_0095_0080_0175_0175.jpg 1 95 80 175 175
0806_0151_0471_0032_0032.jpg 1 151 471 32 32
0807_0100_0175_0227_0227.jpg 1 100 175 227 227
0808_0087_0052_0243_0243.jpg 1 87 52 243 243
0809_0119_0135_0148_0148.jpg 1 119 135 148 148
0810_0280_0095_0288_0288.jpg 1 280 95 288 288
0811_0183_0218_0115_0115.jpg 1 183 218 115 115
0812_0338_0070_0061_0061.jpg 1 338 70 61 61
0813_0198_0093_0271_0271.jpg 1 198 93 271 271
0814_0086_0074_0255_0255.jpg 1 86 74 255 255
0815_0073_0145_0025_0025.jpg 1 73 145 25 25
0816_0053_0119_0285_0285.jpg 1 53 119 285 285
0817_0088_0154_0216_0216.jpg 1 88 154 216 216
0818_0206_0101_0156_0156.jpg 1 206 101 156 156
0819_0326_0149_0188_0188.jpg 1 326 149 188 188
0820_0124_0122_0185_0185.jpg 1 124 122 185 185
0821_0246_0114_0207_0207.jpg 1 246 114 207 207
0822_0067_0095_0240_0240.jpg 1 67 95 240 240
0823_0050_0033_0157_0157.jpg 1 50 33 157 157
0824_0073_0133_0243_0243.jpg 1 73 133 243 243
0825_0063_0152_0095_0095.jpg 1 63 152 95 95
0826_0313_0358_0025_0025.jpg 1 313 358 25 25
0827_0338_0094_0174_0174.jpg 1 338 94 174 174
0828_0107_0037_0177_0177.jpg 1 107 37 177 177
0829_0275_0128_0026_0026.jpg 1 275 128 26 26
0830_0082_0059_0168_0168.jpg 1 82 59 168 168
0831_0193_0081_0159_0159.jpg 1 193 81 159 159
0832_0093_0023_0276_0276.jpg 1 93 23 276 276
0833_0227_0145_0282_0282.jpg 1 227 145 282 282
0834_0134_0031_0244_0244.jpg 1 134 31 244 244
0835_0275_0118_0092_0092.jpg 1 275 118 92 92
0836_0340_0187_0195_0195.jpg 1 340 187 195 195
0837_0214_0042_0292_0292.jpg 1 214 42 292 292
0838_0169_0222_0105_0105.jpg 1 169 222 105 105
0839_0298_0063_0133_0133.jpg 1 298 63 133 133
0840_0294_0122_0266_0266.jpg 1 294 122 266 266
0841_0127_0097_0076_0076.jpg 1 127 97 76 76
0842_0152_0192_0047_0047.jpg 1 152 192 47 47
0843_0098_0027_0254_0254.jpg 1 98 27 254 254
0844_0303_0072_0193_0193.jpg 1 303 72 193 193
0845_0097_0138_0294_0294.jpg 1 97 138 294 294
0846_0307_0206_0124_0124.jpg 1 307 206 124 124
0847_0265_0136_0210_0210.jpg 1 265 136 210 210
0848_0265_0095_0288_0288.jpg 1 265 95 288 288
0849_0203_0234_0055_0055.jpg 1 203 234 55 55
0850_0065_0092_0277_0277.jpg 1 65 92 277 277
0851_0108_0137_0243_0243.jpg 1 108 137 243 243
0852_0059_0229_0285_0285.jpg 1 59 229 285 285
0853_0055_0081_0170_0170.jpg 1 55 81 170 170
0854_0063_0072_0038_0038.jpg 1 63 72 38 38
0855_0075_0090_0075_0075.jpg 1 75 90 75 75
0856_0084_0090_0287_0287.jpg 1 84 90 287 287
0857_0249_0152_0080_0080.jpg 1 249 152 80 80
0858_0046_0129_0075_0075.jpg 1 46 129 75 75
0859_0178_0091_0133_0133.jpg 1 178 91 133 133
0860_0037_0138_0172_0172.jpg 1 37 138 172 172
0861_0083_0062_0296_0296.jpg 1 83 62 296 296
0862_0341_0202_0143_0143.jpg 1 341 202 143 143
0863_0269_0112_0273_0273.jpg 1 269 112 273 273
0864_0299_0111_0230_0230.jpg 1 299 111 230 230
0865_0208_0111_0108_0108.jpg 1 208 111 108 108
0866_0096_0098_0208_0208.jpg 1 96 98 208 208
0867_0054_0111_0121_0121.jpg 1 54 111 121 121
0868_0038_0066_0269_0269.jpg 1 38 66 269 269
0869_0195_0109_0166_0166.jpg 1 195 109 166 166
0870_0293_0299_0042_0042.jpg 1 293 299 42 42
0871_0198_0186_0065_0065.jpg 1 198 186 65 65
0872_0245_0329_0033_0033.jpg 1 245 329 33 33
0873_0407_0248_0024_0024.jpg 1 407 248 24 24
0874_0197_0217_0164_0164.jpg 1 197 217 164 164
0875_0160_0095_0125_0125.jpg 1 160 95 125 125
0876_0247_0142_0162_0162.jpg 1 247 142 162 162
0877_0123_0185_0232_0232.jpg 1 123 185 232 232
0878_0038_0078_0265_0265.jpg 1 38 78 265 265
0879_0139_0171_0264_0264.jpg 1 139 171 264 264
0880_0164_0246_0059_0059.jpg 1 164 246 59 59
0881_0055_0019_0291_0291.jpg 1 55 19 291 291
0882_0341_0177_0180_0180.jpg 1 341 177 180 180
0883_0113_0248_0145_0145.jpg 1 113 248 145 145
0884_0117_0150_0200_0200.jpg 1 117 150 200 200
0885_0350_0207_0148_0148.jpg 1 350 207 148 148
0886_0239_0249_0155_0155.jpg 1 239 249 155 155
0887_0093_0337_0047_0047.jpg 1 93 337 47 47
0888_0293_0042_0204_0204.jpg 1 293 42 204 204
0889_0299_0096_0163_0163.jpg 1 299 96 163 163
0890_0369_0042_0150_0150.jpg 1 369 42 150 150
0891_0170_0300_0103_0103.jpg 1 170 300 103 103
0892_0351_0099_0158_0158.jpg 1 351 99 158 158
0893_0144_0302_0036_0036.jpg 1 144 302 36 36
0894_0132_0099_0202_0202.jpg 1 132 99 202 202
0895_0427_0280_0044_0044.jpg 1 427 280 44 44
0896_0134_0133_0197_0197.jpg 1 134 133 197 197
0897_0122_0076_0187_0187.jpg 1 122 76 187 187
0898_0110_0157_0219_0219.jpg 1 110 157 219 219
0899_0213_0085_0194_0194.jpg 1 213 85 194 194
0900_0081_0077_0294_0294.jpg 1 81 77 294 294
0901_0065_0125_0251_0251.jpg 1 65 125 251 251
0902_0124_0092_0260_0260.jpg 1 124 92 260 260
0903_0073_0063_0160_0160.jpg 1 73 63 160 160
0904_0089_0197_0060_0060.jpg 1 89 197 60 60
0905_0212_0241_0071_0071.jpg 1 212 241 71 71
0906_0240_0146_0248_0248.jpg 1 240 146 248 248
0907_0113_0170_0117_0117.jpg 1 113 170 117 117
0908_0141_0439_0041_0041.jpg 1 141 439 41 41
0909_0209_0127_0142_0142.jpg 1 209 127 142 142
0910_0104_0049_0139_0139.jpg 1 104 49 139 139
0911_0301_0074_0058_0058.jpg 1 301 74 58 58
0912_0208_0194_0068_0068.jpg 1 208 194 68 68
0913_0212_0163_0265_0265.jpg 1 212 163 265 265
0914_0205_0097_0101_0101.jpg 1 205 97 101 101
0915_0072_0228_0152_0152.jpg 1 72 228 152 152
0916_0211_0100_0137_0137.jpg 1 211 100 137 137
0917_0224_0301_0030_0030.jpg 1 224 301 30 30
0918_0132_0231_0114_0114.jpg 1 132 231 114 114
0919_0207_0076_0073_0073.jpg 1 207 76 73 73
0920_0038_0081_0285_0285.jpg 1 38 81 285 285
0921_0350_0130_0166_0166.jpg 1 350 130 166 166
0922_0314_0055_0168_0168.jpg 1 314 55 168 168
0923_0150_0265_0240_0240.jpg 1 150 265 240 240
0924_0113_0200_0198_0198.jpg 1 113 200 198 198
0925_0400_0112_0096_0096.jpg 1 400 112 96 96
0926_0228_0051_0150_0150.jpg 1 228 51 150 150
0927_0299_0206_0202_0202.jpg 1 299 206 202 202
0928_0123_0172_0082_0082.jpg 1 123 172 82 82
0929_0096_0177_0248_0248.jpg 1 96 177 248 248
0930_0146_0171_0196_0196.jpg 1 146 171 196 196
0931_0242_0117_0110_0110.jpg 1 242 117 110 110
0932_0303_0330_0065_0065.jpg 1 303 330 65 65
0933_0129_0195_0066_0066.jpg 1 129 195 66 66
0934_0331_0083_0061_0061.jpg 1 331 83 61 61
0935_0067_0167_0091_0091.jpg 1 67 167 91 91
0936_0103_0258_0079_0079.jpg 1 103 258 79 79
0937_0134_0034_0262_0262.jpg 1 134 34 262 262
0938_0387_0232_0062_0062.jpg 1 387 232 62 62
0939_0463_0191_0043_0043.jpg 1 463 191 43 43
0940_0056_0426_0072_0072.jpg 1 56 426 72 72
0941_0209_0041_0098_0098.jpg 1 209 41 98 98
0942_0289_0048_0226_0226.jpg 1 289 48 226 226
0943_0325_0040_0155_0155.jpg 1 325 40 155 155
0944_0196_0144_0295_0295.jpg 1 196 144 295 295
0945_0132_0241_0167_0167.jpg 1 132 241 167 167
0946_0226_0249_0125_0125.jpg 1 226 249 125 125
0947_0214_0235_0063_0063.jpg 1 214 235 63 63
0948_0424_0196_0078_0078.jpg 1 424 196 78 78
0949_0171_0074_0202_0202.jpg 1 171 74 202 202
0950_0151_0060_0169_0169.jpg 1 151 60 169 169
0951_0145_0123_0296_0296.jpg 1 145 123 296 296
0952_0105_0021_0281_0281.jpg 1 105 21 281 281
0953_0437_0038_0081_0081.jpg 1 437 38 81 81
0954_0115_0126_0136_0136.jpg 1 115 126 136 136
0955_0152_0205_0090_0090.jpg 1 152 205 90 90
0956_0200_0041_0229_0229.jpg 1 200 41 229 229
0957_0405_0200_0131_0131.jpg 1 405 200 131 131
0958_0171_0090_0140_0140.jpg 1 171 90 140 140
0959_0227_0039_0272_0272.jpg 1 227 39 272 272
0960_0264_0144_0297_0297.jpg 1 264 144 297 297
0961_0058_0195_0104_0104.jpg 1 58 195 104 104
0962_0393_0279_0041_0041.jpg 1 393 279 41 41
0963_0053_0119_0217_0217.jpg 1 53 119 217 217
0964_0271_0079_0165_0165.jpg 1 271 79 165 165
0965_0167_0173_0125_0125.jpg 1 167 173 125 125
0966_0079_0221_0028_0028.jpg 1 79 221 28 28
0967_0230_0123_0192_0192.jpg 1 230 123 192 192
0968_0446_0106_0029_0029.jpg 1 446 106 29 29
0969_0230_0110_0253_0253.jpg 1 230 110 253 253
0970_0259_0276_0062_0062.jpg 1 259 276 62 62
0971_0100_0028_0220_0220.jpg 1 100 28 220 220
0972_0115_0057_0197_0197.jpg 1 115 57 197 197
0973_0256_0273_0057_0057.jpg 1 256 273 57 57
0974_0248_0023_0249_0249.jpg 1 248 23 249 249
0975_0425_0072_0057_0057.jpg 1 425 72 57 57
0976_0329_0243_0164_0164.jpg 1 329 243 164 164
0977_0177_0043_0171_0171.jpg 1 177 43 171 171
0978_0414_0048_0116_0116.jpg 1 414 48 116 116
0979_0229_0305_0047_0047.jpg 1 229 305 47 47
0980_0232_0146_0263_0263.jpg 1 232 146 263 263
0981_0149_0044_0251_0251.jpg 1 149 44 251 251
0982_0250_0177_0164_0164.jpg 1 250 177 164 164
0983_0335_0180_0194_0194.jpg 1 335 180 194 194
0984_0393_0054_0106_0106.jpg 1 393 54 106 106
0985_0313_0052_0178_0178.jpg 1 313 52 178 178
0986_0308_0049_0252_0252.jpg 1 308 49 252 252
0987_0461_0337_0053_0053.jpg 1 461 337 53 53
0988_0327_0039_0206_0206.jpg 1 327 39 206 206
0989_0474_0077_0033_0033.jpg 1 474 77 33 33
0990_0067_0266_0100_0100.jpg 1 67 266 100 100
0991_0297_0034_0193_0193.jpg 1 297 34 193 193
0992_0331_0096_0166_0166.jpg 1 331 96 166 166
0993_0233_0130_0042_0042.jpg 1 233 130 42 42
0994_0116_0209_0238_0238.jpg 1 116 209 238 238
0995_0142_0165_0212_0212.jpg 1 142 165 212 212
0996_0210_0102_0068_0068.jpg 1 210 102 68 68
0997_0145_0239_0142_0142.jpg 1 145 239 142 142
0998_0058_0038_0270_0270.jpg 1 58 38 270 270
0999_0052_0241_0124_0124.jpg 1 52 241 124 124
1000_0239_0302_0075_0075.jpg 1 239 302 75 75
1001_0184_0042_0282_0282.jpg 1 184 42 282 282
1002_0391_0078_0063_0063.jpg 1 391 78 63 63
1003_0125_0057_0242_0242.jpg 1 125 57 242 242
1004_0158_0148_0052_0052.jpg 1 158 148 52 52
1005_0059_0162_0187_0187.jpg 1 59 162 187 187
1006_0126_0087_0177_0177.jpg 1 126 87 177 177
1007_0252_0046_0153_0153.jpg 1 252 46 153 153
1008_0094_0200_0156_0156.jpg 1 94 200 156 156
1009_0110_0039_0251_0251.jpg 1 110 39 251 251
1010_0120_0170_0106_0106.jpg 1 120 170 106 106
1011_0057_0171_0202_0202.jpg 1 57 171 202 202
1012_0205_0089_0238_0238.jpg 1 205 89 238 238
1013_0237_0110_0070_0070.jpg 1 237 110 70 70
1014_0272_0062_0140_0140.jpg 1 272 62 140 140
1015_0218_0095_0125_0125.jpg 1 218 95 125 125
1016_0053_0163_0252_0252.jpg 1 53 163 252 252
1017_0192_0170_0128_0128.jpg 1 192 170 128 128
1018_0280_0213_0201_0201.jpg 1 280 213 201 201
1019_0470_0228_0041_0041.jpg 1 470 228 41 41
1020_0099_0083_0192_0192.jpg 1 99 83 192 192
1021_0238_0065_0133_0133.jpg 1 238 65 133 133
1022_0022_0131_0228_0228.jpg 1 22 131 228 228
1023_0102_0091_0148_0148.jpg 1 102 91 148 148
1024_0216_0098_0289_0289.jpg 1 216 98 289 289
1025_0189_0198_0159_0159.jpg 1 189 198 159 159
1026_0269_0210_0144_0144.jpg 1 269 210 144 144
1027_0078_0116_0166_0166.jpg 1 78 116 166 166
1028_0367_0188_0071_0071.jpg 1 367 188 71 71
1029_0168_0306_0105_0105.jpg 1 168 306 105 105
1030_0259_0045_0098_0098.jpg 1 259 45 98 98
1031_0424_0183_0028_0028.jpg 1 424 183 28 28
1032_0236_0163_0089_0089.jpg 1 236 163 89 89
1033_0215_0115_0214_0214.jpg 1 215 115 214 214
1034_0267_0167_0215_0215.jpg 1 267 167 215 215
1035_0246_0179_0083_0083.jpg 1 246 179 83 83
1036_0085_0062_0161_0161.jpg 1 85 62 161 161
1037_0234_0030_0214_0214.jpg 1 234 30 214 214
1038_0131_0331_0042_0042.jpg 1 131 331 42 42
1039_0165_0105_0128_0128.jpg 1 165 105 128 128
1040_0099_0073_0065_0065.jpg 1 99 73 65 65
1041_0138_0112_0145_0145.jpg 1 138 112 145 145
1042_0225_0195_0160_0160.jpg 1 225 195 160 160
1043_0096_0208_0248_0248.jpg 1 96 208 248 248
1044_0289_0092_0028_0028.jpg 1 289 92 28 28
1045_0078_0051_0082_0082.jpg 1 78 51 82 82
1046_0174_0259_0107_0107.jpg 1 174 259 107 107
1047_0164_0031_0181_0181.jpg 1 164 31 181 181
1048_0264_0176_0048_0048.jpg 1 264 176 48 48
1049_0105_0281_0286_0286.jpg 1 105 281 286 286
1050_0478_0210_0038_0038.jpg 1 478 210 38 38
1051_0101_0155_0284_0284.jpg 1 101 155 284 284
1052_0056_0031_0264_0264.jpg 1 56 31 264 264
1053_0254_0278_0037_0037.jpg 1 254 278 37 37
1054_0144_0273_0158_0158.jpg 1 144 273 158 158
1055_0323_0220_0125_0125.jpg 1 323 220 125 125
1056_0074_0174_0108_0108.jpg 1 74 174 108 108
1057_0273_0220_0024_0024.jpg 1 273 220 24 24
1058_0087_0092_0164_0164.jpg 1 87 92 164 164
1059_0190_0169_0153_0153.jpg 1 190 169 153 153
1060_0088_0166_0172_0172.jpg 1 88 166 172 172
1061_0098_0066_0161_0161.jpg 1 98 66 161 161
1062_0273_0199_0076_0076.jpg 1 273 199 76 76
1063_0339_0222_0183_0183.jpg 1 339 222 183 183
1064_0250_0068_0192_0192.jpg 1 250 68 192 192
1065_0256_0115_0215_0215.jpg 1 256 115 215 215
1066_0278_0190_0163_0163.jpg 1 278 190 163 163
1067_0236_0064_0205_0205.jpg 1 236 64 205 205
1068_0277_0088_0125_0125.jpg 1 277 88 125 125
1069_0369_0231_0041_0041.jpg 1 369 231 41 41
1070_0281_0096_0048_0048.jpg 1 281 96 48 48
1071_0322_0157_0228_0228.jpg 1 322 157 228 228
1072_0162_0127_0238_0238.jpg 1 162 127 238 238
1073_0143_0052_0270_0270.jpg 1 143 52 270 270
1074_0323_0179_0122_0122.jpg 1 323 179 122 122
1075_0132_0247_0104_0104.jpg 1 132 247 104 104
1076_0095_0194_0232_0232.jpg 1 95 194 232 232
1077_0215_0178_0218_0218.jpg 1 215 178 218 218
1078_0244_0171_0078_0078.jpg 1 244 171 78 78
1079_0153_0158_0053_0053.jpg 1 153 158 53 53
1080_0076_0277_0126_0126.jpg 1 76 277 126 126
1081_0247_0125_0207_0207.jpg 1 247 125 207 207
1082_0310_0223_0118_0118.jpg 1 310 223 118 118
1083_0221_0190_0068_0068.jpg 1 221 190 68 68
1084_0174_0092_0238_0238.jpg 1 174 92 238 238
1085_0117_0182_0225_0225.jpg 1 117 182 225 225
1086_0062_0295_0079_0079.jpg 1 62 295 79 79
1087_0368_0149_0155_0155.jpg 1 368 149 155 155
1088_0031_0180_0230_0230.jpg 1 31 180 230 230
1089_0239_0116_0266_0266.jpg 1 239 116 266 266
1090_0199_0141_0290_0290.jpg 1 199 141 290 290
1091_0303_0185_0100_0100.jpg 1 303 185 100 100
1092_0264_0188_0189_0189.jpg 1 264 188 189 189
1093_0261_0261_0074_0074.jpg 1 261 261 74 74
1094_0291_0351_0073_0073.jpg 1 291 351 73 73
1095_0313_0054_0245_0245.jpg 1 313 54 245 245
1096_0105_0136_0087_0087.jpg 1 105 136 87 87
1097_0069_0075_0197_0197.jpg 1 69 75 197 197
1098_0115_0128_0280_0280.jpg 1 115 128 280 280
1099_0168_0092_0180_0180.jpg 1 168 92 180 180
1100_0076_0250_0126_0126.jpg 1 76 250 126 126
1101_0261_0297_0084_0084.jpg 1 261 297 84 84
1102_0071_0305_0182_0182.jpg 1 71 305 182 182
1103_0248_0165_0215_0215.jpg 1 248 165 215 215
1104_0087_0069_0289_0289.jpg 1 87 69 289 289
1105_0253_0056_0294_0294.jpg 1 253 56 294 294
1106_0311_0035_0187_0187.jpg 1 311 35 187 187
1107_0274_0102_0132_0132.jpg 1 274 102 132 132
1108_0203_0148_0037_0037.jpg 1 203 148 37 37
1109_0298_0125_0206_0206.jpg 1 298 125 206 206
1110_0239_0212_0163_0163.jpg 1 239 212 163 163
1111_0418_0294_0089_0089.jpg 1 418 294 89 89
1112_0220_0053_0219_0219.jpg 1 220 53 219 219
1113_0066_0231_0211_0211.jpg 1 66 231 211 211
1114_0237_0175_0137_0137.jpg 1 237 175 137 137
1115_0087_0138_0090_0090.jpg 1 87 138 90 90
1116_0293_0237_0140_0140.jpg 1 293 237 140 140
1117_0250_0065_0207_0207.jpg 1 250 65 207 207
1118_0207_0206_0060_0060.jpg 1 207 206 60 60
1119_0273_0090_0254_0254.jpg 1 273 90 254 254
1120_0221_0167_0234_0234.jpg 1 221 167 234 234
1121_0315_0085_0127_0127.jpg 1 315 85 127 127
1122_0311_0116_0192_0192.jpg 1 311 116 192 192
1123_0201_0168_0201_0201.jpg 1 201 168 201 201
1124_0087_0131_0027_0027.jpg 1 87 131 27 27
1125_0377_0067_0139_0139.jpg 1 377 67 139 139
1126_0062_0330_0092_0092.jpg 1 62 330 92 92
1127_0081_0223_0072_0072.jpg 1 81 223 72 72
1128_0205_0269_0097_0097.jpg 1 205 269 97 97
1129_0307_0201_0118_0118.jpg 1 307 201 118 118
1130_0250_0032_0241_0241.jpg 1 250 32 241 241
1131_0288_0114_0116_0116.jpg 1 288 114 116 116
1132_0447_0070_0057_0057.jpg 1 447 70 57 57
1133_0057_0291_0194_0194.jpg 1 57 291 194 194
1134_0259_0064_0155_0155.jpg 1 259 64 155 155
1135_0179_0195_0139_0139.jpg 1 179 195 139 139
1136_0252_0095_0180_0180.jpg 1 252 95 180 180
1137_0267_0218_0065_0065.jpg 1 267 218 65 65
1138_0322_0170_0152_0152.jpg 1 322 170 152 152
1139_0082_0153_0294_0294.jpg 1 82 153 294 294
1140_0317_0253_0106_0106.jpg 1 317 253 106 106
1141_0287_0202_0161_0161.jpg 1 287 202 161 161
1142_0244_0087_0289_0289.jpg 1 244 87 289 289
1143_0084_0131_0029_0029.jpg 1 84 131 29 29
1144_0387_0163_0030_0030.jpg 1 387 163 30 30
1145_0247_0327_0070_0070.jpg 1 247 327 70 70
1146_0273_0272_0123_0123.jpg 1 273 272 123 123
1147_0052_0052_0279_0279.jpg 1 52 52 279 279
1148_0046_0217_0205_0205.jpg 1 46 217 205 205
1149_0120_0206_0271_0271.jpg 1 120 206 271 271
1150_0260_0086_0094_0094.jpg 1 260 86 94 94
1151_0239_0142_0274_0274.jpg 1 239 142 274 274
1152_0271_0183_0128_0128.jpg 1 271 183 128 128
1153_0136_0395_0030_0030.jpg 1 136 395 30 30
1154_0082_0210_0125_0125.jpg 1 82 210 125 125
1155_0180_0081_0069_0069.jpg 1 180 81 69 69
1156_0091_0118_0275_0275.jpg 1 91 118 275 275
1157_0367_0062_0137_0137.jpg 1 367 62 137 137
1158_0227_0107_0111_0111.jpg 1 227 107 111 111
1159_0232_0182_0148_0148.jpg 1 232 182 148 148
1160_0230_0053_0040_0040.jpg 1 230 53 40 40
1161_0304_0289_0033_0033.jpg 1 304 289 33 33
1162_0325_0066_0207_0207.jpg 1 325 66 207 207
1163_0187_0118_0289_0289.jpg 1 187 118 289 289
1164_0069_0296_0027_0027.jpg 1 69 296 27 27
1165_0404_0048_0035_0035.jpg 1 404 48 35 35
1166_0178_0200_0171_0171.jpg 1 178 200 171 171
1167_0081_0048_0206_0206.jpg 1 81 48 206 206
1168_0234_0089_0158_0158.jpg 1 234 89 158 158
1169_0110_0282_0088_0088.jpg 1 110 282 88 88
1170_0146_0085_0146_0146.jpg 1 146 85 146 146
1171_0199_0135_0098_0098.jpg 1 199 135 98 98
1172_0072_0169_0250_0250.jpg 1 72 169 250 250
1173_0198_0148_0276_0276.jpg 1 198 148 276 276
1174_0208_0182_0214_0214.jpg 1 208 182 214 214
1175_0165_0104_0075_0075.jpg 1 165 104 75 75
1176_0385_0098_0134_0134.jpg 1 385 98 134 134
1177_0241_0146_0285_0285.jpg 1 241 146 285 285
1178_0061_0162_0108_0108.jpg 1 61 162 108 108
1179_0314_0192_0159_0159.jpg 1 314 192 159 159
1180_0085_0169_0049_0049.jpg 1 85 169 49 49
1181_0202_0302_0097_0097.jpg 1 202 302 97 97
1182_0239_0231_0041_0041.jpg 1 239 231 41 41
1183_0296_0068_0061_0061.jpg 1 296 68 61 61
1184_0303_0085_0078_0078.jpg 1 303 85 78 78
1185_0226_0064_0131_0131.jpg 1 226 64 131 131
1186_0319_0106_0197_0197.jpg 1 319 106 197 197
1187_0087_0040_0225_0225.jpg 1 87 40 225 225
1188_0276_0183_0083_0083.jpg 1 276 183 83 83
1189_0261_0053_0169_0169.jpg 1 261 53 169 169
1190_0083_0181_0241_0241.jpg 1 83 181 241 241
1191_0253_0120_0044_0044.jpg 1 253 120 44 44
1192_0388_0238_0029_0029.jpg 1 388 238 29 29
1193_0067_0139_0076_0076.jpg 1 67 139 76 76
1194_0245_0042_0170_0170.jpg 1 245 42 170 170
1195_0386_0089_0055_0055.jpg 1 386 89 55 55
1196_0133_0064_0274_0274.jpg 1 133 64 274 274
1197_0369_0224_0122_0122.jpg 1 369 224 122 122
1198_0153_0078_0200_0200.jpg 1 153 78 200 200
1199_0283_0138_0255_0255.jpg 1 283 138 255 255
1200_0254_0206_0167_0167.jpg 1 254 206 167 167
1201_0079_0155_0102_0102.jpg 1 79 155 102 102
1202_0042_0167_0284_0284.jpg 1 42 167 284 284
1203_0342_0130_0179_0179.jpg 1 342 130 179 179
1204_0063_0148_0140_0140.jpg 1 63 148 140 140
1205_0077_0125_0254_0254.jpg 1 77 125 254 254
1206_0191_0064_0285_0285.jpg 1 191 64 285 285
1207_0289_0315_0071_0071.jpg 1 289 315 71 71
1208_0437_0198_0077_0077.jpg 1 437 198 77 77
1209_0062_0047_0257_0257.jpg 1 62 47 257 257
1210_0077_0272_0066_0066.jpg 1 77 272 66 66
1211_0320_0158_0219_0219.jpg 1 320 158 219 219
1212_0195_0176_0081_0081.jpg 1 195 176 81 81
1213_0266_0123_0144_0144.jpg 1 266 123 144 144
1214_0022_0311_0221_0221.jpg 1 22 311 221 221
1215_0231_0234_0170_0170.jpg 1 231 234 170 170
1216_0042_0303_0058_0058.jpg 1 42 303 58 58
1217_0033_0079_0206_0206.jpg 1 33 79 206 206
1218_0292_0084_0257_0257.jpg 1 292 84 257 257
1219_0396_0202_0039_0039.jpg 1 396 202 39 39
1220_0085_0144_0124_0124.jpg 1 85 144 124 124
1221_0123_0028_0283_0283.jpg 1 123 28 283 283
1222_0298_0060_0213_0213.jpg 1 298 60 213 213
1223_0060_0340_0050_0050.jpg 1 60 340 50 50
1224_0250_0122_0268_0268.jpg 1 250 122 268 268
1225_0145_0223_0055_0055.jpg 1 145 223 55 55
1226_0251_0043_0253_0253.jpg 1 251 43 253 253
1227_0323_0149_0205_0205.jpg 1 323 149 205 205
1228_0041_0236_0233_0233.jpg 1 41 236 233 233
1229_0274_0095_0181_0181.jpg 1 274 95 181 181
1230_0161_0024_0276_0276.jpg 1 161 24 276 276
1231_0123_0261_0062_0062.jpg 1 123 261 62 62
1232_0174_0264_0076_0076.jpg 1 174 264 76 76
1233_0288_0186_0042_0042.jpg 1 288 186 42 42
1234_0058_0021_0270_0270.jpg 1 58 21 270 270
1235_0132_0299_0075_0075.jpg 1 132 299 75 75
1236_0067_0031_0253_0253.jpg 1 67 31 253 253
1237_0413_0315_0082_0082.jpg 1 413 315 82 82
1238_0132_0116_0146_0146.jpg 1 132 116 146 146
1239_0400_0090_0066_0066.jpg 1 400 90 66 66
1240_0191_0097_0287_0287.jpg 1 191 97 287 287
1241_0094_0177_0135_0135.jpg 1 94 177 135 135
1242_0216_0038_0110_0110.jpg 1 216 38 110 110
1243_0196_0316_0126_0126.jpg 1 196 316 126 126
1244_0304_0200_0058_0058.jpg 1 304 200 58 58
1245_0055_0209_0211_0211.jpg 1 55 209 211 211
1246_0223_0061_0070_0070.jpg 1 223 61 70 70
1247_0117_0331_0183_0183.jpg 1 117 331 183 183
1248_0120_0119_0037_0037.jpg 1 120 119 37 37
1249_0276_0235_0121_0121.jpg 1 276 235 121 121
1250_0257_0045_0264_0264.jpg 1 257 45 264 264
1251_0066_0075_0248_0248.jpg 1 66 75 248 248
1252_0177_0032_0212_0212.jpg 1 177 32 212 212
1253_0358_0266_0133_0133.jpg 1 358 266 133 133
1254_0080_0043_0284_0284.jpg 1 80 43 284 284
1255_0255_0193_0145_0145.jpg 1 255 193 145 145
1256_0288_0085_0217_0217.jpg 1 288 85 217 217
1257_0394_0153_0130_0130.jpg 1 394 153 130 130
1258_0189_0260_0144_0144.jpg 1 189 260 144 144
1259_0367_0202_0167_0167.jpg 1 367 202 167 167
1260_0152_0110_0285_0285.jpg 1 152 110 285 285
1261_0234_0059_0247_0247.jpg 1 234 59 247 247
1262_0406_0172_0130_0130.jpg 1 406 172 130 130
1263_0337_0056_0198_0198.jpg 1 337 56 198 198
1264_0186_0176_0148_0148.jpg 1 186 176 148 148
1265_0148_0111_0240_0240.jpg 1 148 111 240 240
1266_0136_0242_0258_0258.jpg 1 136 242 258 258
1267_0119_0153_0142_0142.jpg 1 119 153 142 142
1268_0357_0134_0184_0184.jpg 1 357 134 184 184
1269_0274_0122_0144_0144.jpg 1 274 122 144 144
1270_0165_0068_0256_0256.jpg 1 165 68 256 256
1271_0108_0056_0158_0158.jpg 1 108 56 158 158
1272_0035_0158_0245_0245.jpg 1 35 158 245 245
1273_0102_0039_0262_0262.jpg 1 102 39 262 262
1274_0218_0058_0221_0221.jpg 1 218 58 221 221
1275_0201_0158_0038_0038.jpg 1 201 158 38 38
1276_0290_0115_0057_0057.jpg 1 290 115 57 57
1277_0430_0130_0087_0087.jpg 1 430 130 87 87
1278_0283_0051_0112_0112.jpg 1 283 51 112 112
1279_0192_0042_0225_0225.jpg 1 192 42 225 225
1280_0136_0315_0039_0039.jpg 1 136 315 39 39
1281_0215_0053_0037_0037.jpg 1 215 53 37 37
1282_0228_0079_0145_0145.jpg 1 228 79 145 145
1283_0272_0051_0280_0280.jpg 1 272 51 280 280
1284_0255_0239_0167_0167.jpg 1 255 239 167 167
1285_0316_0170_0219_0219.jpg 1 316 170 219 219
1286_0159_0103_0280_0280.jpg 1 159 103 280 280
1287_0427_0225_0048_0048.jpg 1 427 225 48 48
1288_0304_0099_0134_0134.jpg 1 304 99 134 134
1289_0182_0112_0141_0141.jpg 1 182 112 141 141
1290_0347_0122_0060_0060.jpg 1 347 122 60 60
1291_0058_0231_0184_0184.jpg 1 58 231 184 184
1292_0084_0156_0217_0217.jpg 1 84 156 217 217
1293_0306_0090_0248_0248.jpg 1 306 90 248 248
1294_0080_0089_0286_0286.jpg 1 80 89 286 286
1295_0093_0316_0074_0074.jpg 1 93 316 74 74
1296_0369_0266_0129_0129.jpg 1 369 266 129 129
1297_0274_0257_0118_0118.jpg 1 274 257 118 118
1298_0406_0292_0034_0034.jpg 1 406 292 34 34
1299_0238_0154_0204_0204.jpg 1 238 154 204 204
1300_0118_0164_0114_0114.jpg 1 118 164 114 114
1301_0346_0098_0073_0073.jpg 1 346 98 73 73
1302_0048_0037_0263_0263.jpg 1 48 37 263 263
1303_0325_0229_0036_0036.jpg 1 325 229 36 36
1304_0173_0423_0079_0079.jpg 1 173 423 79 79
1305_0275_0132_0282_0282.jpg 1 275 132 282 282
1306_0265_0210_0107_0107.jpg 1 265 210 107 107
1307_0097_0178_0093_0093.jpg 1 97 178 93 93
1308_0367_0075_0165_0165.jpg 1 367 75 165 165
1309_0138_0149_0243_0243.jpg 1 138 149 243 243
1310_0255_0048_0162_0162.jpg 1 255 48 162 162
1311_0377_0066_0160_0160.jpg 1 377 66 160 160
1312_0129_0044_0258_0258.jpg 1 129 44 258 258
1313_0375_0096_0028_0028.jpg 1 375 96 28 28
1314_0372_0103_0172_0172.jpg 1 372 103 172 172
1315_0100_0250_0152_0152.jpg 1 100 250 152 152
1316_0220_0248_0073_0073.jpg 1 220 248 73 73
1317_0255_0174_0150_0150.jpg 1 255 174 150 150
1318_0129_0101_0217_0217.jpg 1 129 101 217 217
1319_0064_0215_0089_0089.jpg 1 64 215 89 89
1320_0218_0106_0185_0185.jpg 1 218 106 185 185
1321_0278_0125_0180_0180.jpg 1 278 125 180 180
1322_0220_0121_0266_0266.jpg 1 220 121 266 266
1323_0079_0265_0288_0288.jpg 1 79 265 288 288
1324_0298_0085_0264_0264.jpg 1 298 85 264 264
1325_0203_0173_0161_0161.jpg 1 203 173 161 161
1326_0236_0133_0206_0206.jpg 1 236 133 206 206
1327_0367_0077_0112_0112.jpg 1 367 77 112 112
1328_0376_0213_0143_0143.jpg 1 376 213 143 143
1329_0425_0215_0086_0086.jpg 1 425 215 86 86
1330_0092_0183_0212_0212.jpg 1 92 183 212 212
1331_0066_0164_0200_0200.jpg 1 66 164 200 200
1332_0188_0205_0151_0151.jpg 1 188 205 151 151
1333_0054_0112_0236_0236.jpg 1 54 112 236 236
1334_0091_0146_0212_0212.jpg 1 91 146 212 212
1335_0061_0041_0144_0144.jpg 1 61 41 144 144
1336_0374_0053_0102_0102.jpg 1 374 53 102 102
1337_0092_0268_0131_0131.jpg 1 92 268 131 131
1338_0126_0094_0266_0266.jpg 1 126 94 266 266
1339_0288_0249_0035_0035.jpg 1 288 249 35 35
1340_0203_0146_0277_0277.jpg 1 203 146 277 277
1341_0127_0228_0132_0132.jpg 1 127 228 132 132
1342_0197_0358_0135_0135.jpg 1 197 358 135 135
1343_0194_0251_0159_0159.jpg 1 194 251 159 159
1344_0218_0214_0089_0089.jpg 1 218 214 89 89
1345_0072_0031_0263_0263.jpg 1 72 31 263 263
1346_0195_0154_0238_0238.jpg 1 195 154 238 238
1347_0439_0137_0048_0048.jpg 1 439 137 48 48
1348_0091_0228_0053_0053.jpg 1 91 228 53 53
1349_0229_0151_0186_0186.jpg 1 229 151 186 186
1350_0374_0093_0095_0095.jpg 1 374 93 95 95
1351_0230_0181_0137_0137.jpg 1 230 181 137 137
1352_0276_0112_0125_0125.jpg 1 276 112 125 125
1353_0083_0312_0055_0055.jpg 1 83 312 55 55
1354_0258_0157_0092_0092.jpg 1 258 157 92 92
1355_0246_0120_0080_0080.jpg 1 246 120 80 80
1356_0052_0316_0062_0062.jpg 1 52 316 62 62
1357_0150_0121_0104_0104.jpg 1 150 121 104 104
1358_0310_0052_0230_0230.jpg 1 310 52 230 230
1359_0238_0093_0260_0260.jpg 1 238 93 260 260
1360_0116_0146_0083_0083.jpg 1 116 146 83 83
1361_0273_0200_0030_0030.jpg 1 273 200 30 30
1362_0132_0106_0110_0110.jpg 1 132 106 110 110
1363_0290_0241_0037_0037.jpg 1 290 241 37 37
1364_0262_0101_0070_0070.jpg 1 262 101 70 70
1365_0157_0114_0239_0239.jpg 1 157 114 239 239
1366_0280_0290_0061_0061.jpg 1 280 290 61 61
1367_0284_0112_0174_0174.jpg 1 284 112 174 174
1368_0217_0224_0140_0140.jpg 1 217 224 140 140
1369_0151_0036_0121_0121.jpg 1 151 36 121 121
1370_0143_0049_0240_0240.jpg 1 143 49 240 240
1371_0275_0217_0082_0082.jpg 1 275 217 82 82
1372_0061_0086_0058_0058.jpg 1 61 86 58 58
1373_0207_0223_0168_0168.jpg 1 207 223 168 168
1374_0394_0250_0058_0058.jpg 1 394 250 58 58
1375_0404_0153_0121_0121.jpg 1 404 153 121 121
1376_0291_0191_0129_0129.jpg 1 291 191 129 129
1377_0310_0078_0156_0156.jpg 1 310 78 156 156
1378_0230_0150_0154_0154.jpg 1 230 150 154 154
1379_0051_0214_0216_0216.jpg 1 51 214 216 216
1380_0123_0232_0170_0170.jpg 1 123 232 170 170
1381_0311_0130_0096_0096.jpg 1 311 130 96 96
1382_0210_0174_0201_0201.jpg 1 210 174 201 201
1383_0075_0246_0107_0107.jpg 1 75 246 107 107
1384_0256_0225_0032_0032.jpg 1 256 225 32 32
1385_0061_0150_0213_0213.jpg 1 61 150 213 213
1386_0156_0239_0169_0169.jpg 1 156 239 169 169
1387_0110_0064_0165_0165.jpg 1 110 64 165 165
1388_0075_0274_0124_0124.jpg 1 75 274 124 124
1389_0385_0134_0154_0154.jpg 1 385 134 154 154
1390_0249_0112_0154_0154.jpg 1 249 112 154 154
1391_0161_0039_0222_0222.jpg 1 161 39 222 222
1392_0257_0102_0067_0067.jpg 1 257 102 67 67
1393_0240_0091_0156_0156.jpg 1 240 91 156 156
1394_0106_0171_0249_0249.jpg 1 106 171 249 249
1395_0446_0221_0049_0049.jpg 1 446 221 49 49
1396_0079_0093_0203_0203.jpg 1 79 93 203 203
1397_0085_0165_0264_0264.jpg 1 85 165 264 264
1398_0122_0082_0236_0236.jpg 1 122 82 236 236
1399_0275_0109_0060_0060.jpg 1 275 109 60 60
1400_0196_0037_0245_0245.jpg 1 196 37 245 245
1401_0252_0058_0034_0034.jpg 1 252 58 34 34
1402_0212_0199_0077_0077.jpg 1 212 199 77 77
1403_0418_0134_0031_0031.jpg 1 418 134 31 31
1404_0215_0023_0260_0260.jpg 1 215 23 260 260
1405_0085_0067_0026_0026.jpg 1 85 67 26 26
1406_0273_0033_0237_0237.jpg 1 273 33 237 237
1407_0055_0044_0211_0211.jpg 1 55 44 211 211
1408_0292_0265_0091_0091.jpg 1 292 265 91 91
1409_0189_0073_0264_0264.jpg 1 189 73 264 264
1410_0131_0454_0027_0027.jpg 1 131 454 27 27
1411_0366_0243_0131_0131.jpg 1 366 243 131 131
1412_0303_0079_0043_0043.jpg 1 303 79 43 43
1413_0208_0144_0151_0151.jpg 1 208 144 151 151
1414_0273_0163_0232_0232.jpg 1 273 163 232 232
1415_0208_0319_0047_0047.jpg 1 208 319 47 47
1416_0390_0069_0056_0056.jpg 1 390 69 56 56
1417_0304_0119_0095_0095.jpg 1 304 119 95 95
1418_0179_0045_0082_0082.jpg 1 179 45 82 82
1419_0159_0065_0277_0277.jpg 1 159 65 277 277
1420_0100_0357_0122_0122.jpg 1 100 357 122 122
1421_0286_0149_0186_0186.jpg 1 286 149 186 186
1422_0053_0285_0113_0113.jpg 1 53 285 113 113
1423_0303_0178_0163_0163.jpg 1 303 178 163 163
1424_0125_0079_0077_0077.jpg 1 125 79 77 77
1425_0204_0273_0049_0049.jpg 1 204 273 49 49
1426_0039_0080_0279_0279.jpg 1 39 80 279 279
1427_0354_0069_0087_0087.jpg 1 354 69 87 87
1428_0190_0261_0075_0075.jpg 1 190 261 75 75
1429_0175_0052_0281_0281.jpg 1 175 52 281 281
1430_0066_0263_0120_0120.jpg 1 66 263 120 120
1431_0174_0183_0180_0180.jpg 1 174 183 180 180
1432_0157_0041_0285_0285.jpg 1 157 41 285 285
1433_0096_0104_0102_0102.jpg 1 96 104 102 102
1434_0253_0106_0092_0092.jpg 1 253 106 92 92
1435_0062_0251_0090_0090.jpg 1 62 251 90 90
1436_0170_0269_0195_0195.jpg 1 170 269 195 195
1437_0302_0174_0152_0152.jpg 1 302 174 152 152
1438_0253_0078_0090_0090.jpg 1 253 78 90 90
1439_0125_0195_0107_0107.jpg 1 125 195 107 107
1440_0300_0047_0194_0194.jpg 1 300 47 194 194
1441_0368_0198_0073_0073.jpg 1 368 198 73 73
1442_0163_0152_0182_0182.jpg 1 163 152 182 182
1443_0261_0129_0102_0102.jpg 1 261 129 102 102
1444_0173_0047_0226_0226.jpg 1 173 47 226 226
1445_0144_0081_0265_0265.jpg 1 144 81 265 265
1446_0365_0104_0137_0137.jpg 1 365 104 137 137
1447_0076_0030_0291_0291.jpg 1 76 30 291 291
1448_0099_0155_0182_0182.jpg 1 99 155 182 182
1449_0266_0143_0083_0083.jpg 1 266 143 83 83
1450_0154_0316_0035_0035.jpg 1 154 316 35 35
1451_0316_0170_0202_0202.jpg 1 316 170 202 202
1452_0280_0131_0270_0270.jpg 1 280 131 270 270
1453_0129_0205_0174_0174.jpg 1 129 205 174 174
1454_0128_0262_0224_0224.jpg 1 128 262 224 224
1455_0157_0217_0133_0133.jpg 1 157 217 133 133
1456_0124_0048_0283_0283.jpg 1 124 48 283 283
1457_0238_0137_0212_0212.jpg 1 238 137 212 212
1458_0365_0113_0151_0151.jpg 1 365 113 151 151
1459_0254_0063_0075_0075.jpg 1 254 63 75 75
1460_0076_0178_0060_0060.jpg 1 76 178 60 60
1461_0215_0188_0170_0170.jpg 1 215 188 170 170
1462_0110_0139_0208_0208.jpg 1 110 139 208 208
1463_0175_0386_0055_0055.jpg 1 175 386 55 55
1464_0077_0220_0128_0128.jpg 1 77 220 128 128
1465_0222_0087_0074_0074.jpg 1 222 87 74 74
1466_0193_0056_0109_0109.jpg 1 193 56 109 109
1467_0150_0186_0144_0144.jpg 1 150 186 144 144
1468_0100_0149_0256_0256.jpg 1 100 149 256 256
1469_0238_0056_0237_0237.jpg 1 238 56 237 237
1470_0052_0307_0105_0105.jpg 1 52 307 105 105
1471_0061_0288_0143_0143.jpg 1 61 288 143 143
1472_0354_0178_0152_0152.jpg 1 354 178 152 152
1473_0308_0124_0221_0221.jpg 1 308 124 221 221
1474_0096_0086_0047_0047.jpg 1 96 86 47 47
1475_0084_0258_0112_0112.jpg 1 84 258 112 112
1476_0368_0082_0144_0144.jpg 1 368 82 144 144
1477_0136_0214_0182_0182.jpg 1 136 214 182 182
1478_0099_0146_0291_0291.jpg 1 99 146 291 291
1479_0396_0248_0075_0075.jpg 1 396 248 75 75
1480_0349_0116_0130_0130.jpg 1 349 116 130 130
1481_0206_0134_0142_0142.jpg 1 206 134 142 142
1482_0264_0077_0157_0157.jpg 1 264 77 157 157
1483_0148_0270_0248_0248.jpg 1 148 270 248 248
1484_0049_0125_0269_0269.jpg 1 49 125 269 269
1485_0219_0138_0262_0262.jpg 1 219 138 262 262
1486_0209_0121_0058_0058.jpg 1 209 121 58 58
1487_0143_0240_0108_0108.jpg 1 143 240 108 108
1488_0189_0229_0047_0047.jpg 1 189 229 47 47
1489_0311_0343_0043_0043.jpg 1 311 343 43 43
1490_0308_0029_0226_0226.jpg 1 308 29 226 226
1491_0202_0334_0218_0218.jpg 1 202 334 218 218
1492_0295_0217_0147_0147.jpg 1 295 217 147 147
1493_0186_0172_0047_0047.jpg 1 186 172 47 47
1494_0127_0048_0067_0067.jpg 1 127 48 67 67
1495_0291_0151_0074_0074.jpg 1 291 151 74 74
1496_0238_0244_0098_0098.jpg 1 238 244 98 98
1497_0122_0091_0295_0295.jpg 1 122 91 295 295
1498_0242_0258_0172_0172.jpg 1 242 258 172 172
1499_0396_0117_0085_0085.jpg 1 396 117 85 85
1500_0117_0220_0028_0028.jpg 1 117 220 28 28
